    0/99   7328/7328     0.941     0.937      1.85      1.86      32.6      8.67      46.8         0         0       105         0         0         0      1.13      0.228      0.252      0.238
    1/99   7328/7328     0.814     0.801      1.32      1.31      10.4      5.26      19.9         0         0       117         0         0         0     0.646      0.286      0.319      0.295
    2/99   7328/7328     0.772     0.759      1.19      1.16      9.78      4.34        18         0         0       132         0         0         0     0.661      0.325      0.366      0.335
    3/99   7328/7328     0.746     0.731       1.1      1.08      9.43      3.83      16.9         0         0       102         0         0         0     0.693       0.36      0.386      0.373
    4/99   7328/7328     0.724     0.709      1.04      1.01      9.14      3.47      16.1         0         0        87         0         0         0     0.641       0.39      0.424      0.401
    5/99   7328/7328     0.708     0.693     0.999     0.968      8.93      3.21      15.5         0         0       121         0         0         0     0.606      0.398      0.439       0.41
    6/99   7328/7328     0.693     0.678     0.961     0.926      8.74      3.01        15         0         0       118         0         0         0     0.597      0.411       0.45      0.422
    7/99   7328/7328     0.683     0.666     0.928     0.894       8.6      2.84      14.6         0         0        78         0         0         0     0.603      0.422      0.459      0.434
    8/99   7328/7328     0.672     0.657     0.903     0.868      8.45      2.69      14.2         0         0       102         0         0         0     0.626      0.428      0.462      0.442
    9/99   7328/7328     0.663     0.648     0.881     0.845      8.32      2.56      13.9         0         0       112         0         0         0     0.591      0.439      0.469      0.453
   10/99   7328/7328     0.654     0.637     0.857     0.823      8.19      2.45      13.6         0         0        83         0         0         0     0.705      0.444      0.474      0.457
   11/99   7328/7328     0.648     0.631      0.84     0.802      8.08      2.35      13.3         0         0       134         0         0         0     0.612      0.451      0.488      0.464
   12/99   7328/7328      0.64     0.623     0.821     0.787      7.97      2.27      13.1         0         0       176         0         0         0     0.665      0.466      0.498       0.48
   13/99   7328/7328     0.635     0.617      0.81     0.769      7.91      2.19      12.9         0         0       116         0         0         0     0.699      0.459      0.492      0.472
   14/99   7328/7328     0.629     0.611     0.792     0.757      7.81       2.1      12.7         0         0       129         0         0         0     0.585      0.469      0.503      0.483
   15/99   7328/7328     0.624     0.605      0.78     0.745      7.73      2.04      12.5         0         0       156         0         0         0     0.665      0.465      0.491       0.48
   16/99   7328/7328     0.617     0.601      0.77     0.732      7.66      1.99      12.4         0         0       103         0         0         0     0.676      0.475      0.512      0.488
   17/99   7328/7328     0.613     0.596     0.757     0.721      7.58      1.92      12.2         0         0       130         0         0         0     0.705       0.47      0.506      0.483
   18/99   7328/7328      0.61     0.591     0.747      0.71      7.49      1.86        12         0         0       111         0         0         0     0.739      0.476      0.507       0.49
   19/99   7328/7328     0.605     0.587     0.735     0.696      7.44      1.82      11.9         0         0       164         0         0         0       0.7      0.481      0.513      0.496
   20/99   7328/7328     0.602     0.581     0.726     0.691      7.37      1.77      11.7         0         0       113         0         0         0     0.663      0.481      0.519      0.494
   21/99   7328/7328     0.597     0.577     0.719     0.678       7.3      1.72      11.6         0         0       166         0         0         0     0.765      0.488      0.523      0.502
   22/99   7328/7328     0.592     0.573      0.71     0.672      7.24      1.68      11.5         0         0        79         0         0         0     0.754      0.487      0.512      0.502
   23/99   7328/7328     0.589      0.57     0.701     0.662      7.18      1.65      11.4         0         0       132         0         0         0     0.697      0.484      0.522      0.497
   24/99   7328/7328     0.586     0.566     0.692     0.653      7.13       1.6      11.2         0         0       141         0         0         0     0.739      0.489      0.518      0.503
   25/99   7328/7328     0.583     0.563     0.684     0.648      7.06      1.57      11.1         0         0       119         0         0         0     0.664      0.487      0.518      0.501
   26/99   7328/7328     0.581     0.561     0.677     0.641      7.02      1.54        11         0         0        96         0         0         0     0.658       0.49      0.526      0.503
   27/99   7328/7328     0.576     0.556      0.67     0.635      6.96      1.51      10.9         0         0        77         0         0         0     0.695      0.495      0.525      0.509
   28/99   7328/7328     0.574     0.553     0.666      0.63      6.91      1.46      10.8         0         0       136         0         0         0     0.867      0.493      0.531      0.506
   29/99   7328/7328     0.572      0.55     0.657     0.624      6.87      1.43      10.7         0         0        78         0         0         0      1.15      0.493      0.525      0.507
   30/99   7328/7328     0.569     0.546     0.651     0.613      6.81      1.42      10.6         0         0       129         0         0         0     0.875      0.494      0.525      0.508
   31/99   7328/7328     0.566     0.544     0.645     0.607      6.75      1.39      10.5         0         0        92         0         0         0     0.683      0.496      0.531       0.51
   32/99   7328/7328     0.564     0.542     0.639     0.604       6.7      1.36      10.4         0         0       202         0         0         0     0.932      0.499      0.535      0.514
   33/99   7328/7328     0.562     0.539     0.633     0.597      6.66      1.34      10.3         0         0       193         0         0         0     0.774      0.497      0.532      0.512
   34/99   7328/7328     0.559     0.535     0.625     0.591      6.62       1.3      10.2         0         0        94         0         0         0     0.784      0.499      0.534      0.512
   35/99   7328/7328     0.557     0.533     0.623     0.588      6.58      1.29      10.2         0         0       102         0         0         0      0.68      0.502      0.533      0.516
   36/99   7328/7328     0.555     0.532     0.619     0.581      6.53      1.26      10.1         0         0       116         0         0         0     0.737        0.5       0.53      0.515
   37/99   7328/7328     0.552     0.528     0.613     0.576      6.48      1.24      9.99         0         0        87         0         0         0     0.644      0.498      0.533      0.512
   38/99   7328/7328      0.55     0.525     0.608     0.573      6.46      1.22      9.93         0         0       120         0         0         0      1.39      0.502      0.536      0.516
   39/99   7328/7328     0.547     0.523     0.605     0.568      6.41       1.2      9.85         0         0        88         0         0         0     0.808      0.503      0.536      0.517
   40/99   7328/7328     0.545      0.52       0.6     0.565      6.34      1.18      9.76         0         0        69         0         0         0     0.841      0.499      0.531      0.512
   41/99   7328/7328     0.544     0.518     0.596     0.562      6.31      1.16       9.7         0         0        95         0         0         0     0.727      0.504      0.541      0.517
   42/99   7328/7328     0.541     0.518     0.589     0.557      6.27      1.14      9.62         0         0       107         0         0         0      0.77      0.501      0.528      0.516
   43/99   7328/7328      0.54     0.514     0.584     0.551      6.25      1.13      9.57         0         0        85         0         0         0     0.685        0.5      0.529      0.516
   44/99   7328/7328     0.538     0.511     0.583      0.55       6.2      1.12       9.5         0         0       107         0         0         0     0.701      0.497      0.525      0.512
   45/99   7328/7328     0.536     0.509     0.576     0.544      6.17      1.09      9.42         0         0       165         0         0         0     0.668      0.501      0.538      0.515
   46/99   7328/7328     0.534     0.508     0.575     0.539      6.13      1.08      9.36         0         0        87         0         0         0     0.701      0.503      0.533      0.518
   47/99   7328/7328     0.531     0.505      0.57     0.535      6.11      1.06      9.32         0         0       121         0         0         0     0.655      0.503      0.531      0.517
   48/99   7328/7328     0.531     0.504     0.568     0.533      6.06      1.05      9.25         0         0        70         0         0         0     0.687      0.502      0.533      0.516
   49/99   7328/7328     0.529     0.502     0.565      0.53      6.02      1.04      9.19         0         0       114         0         0         0      0.64      0.505       0.53       0.52
   50/99   7328/7328     0.526       0.5     0.562     0.526         6      1.03      9.14         0         0       116         0         0         0     0.631      0.505      0.532       0.52
   51/99   7328/7328     0.509     0.479     0.499     0.465       5.6     0.847       8.4         0         0        81         0         0         0     0.658      0.518      0.548      0.533
   52/99   7328/7328     0.501     0.471     0.484     0.451      5.45     0.791      8.15         0         0        73         0         0         0     0.622       0.52      0.549      0.535
   53/99   7328/7328     0.499     0.467     0.481     0.446       5.4      0.77      8.06         0         0        75         0         0         0     0.798      0.521      0.551      0.536
   54/99   7328/7328     0.497     0.463     0.476     0.443      5.35      0.75      7.98         0         0        84         0         0         0     0.682      0.522      0.551      0.537
   55/99   7328/7328     0.494     0.462     0.474     0.441      5.31     0.742      7.93         0         0       117         0         0         0      1.16      0.524      0.554      0.538
   56/99   7328/7328     0.492     0.459     0.472     0.438      5.28     0.727      7.87         0         0        67         0         0         0     0.599      0.522      0.552      0.537
   57/99   7328/7328     0.491     0.458     0.469     0.437      5.26     0.718      7.83         0         0        84         0         0         0     0.616      0.524      0.552      0.538
   58/99   7328/7328      0.49     0.457     0.468     0.435      5.21     0.711      7.77         0         0       119         0         0         0     0.761      0.524      0.556      0.539
   59/99   7328/7328     0.489     0.456     0.465     0.433       5.2     0.709      7.75         0         0        98         0         0         0     0.745      0.522      0.554      0.536
   60/99   7328/7328     0.487     0.454     0.463      0.43      5.17     0.696       7.7         0         0       111         0         0         0     0.766      0.524      0.555      0.539
   61/99   7328/7328     0.485     0.453     0.463      0.43      5.14      0.69      7.66         0         0        86         0         0         0     0.741      0.523      0.553      0.537
   62/99   7328/7328     0.485     0.452     0.462     0.427      5.13     0.681      7.64         0         0        87         0         0         0     0.673      0.526      0.556       0.54
   63/99   7328/7328     0.485     0.451      0.46     0.427      5.12     0.681      7.62         0         0        87         0         0         0     0.603      0.525      0.554      0.539
   64/99   7328/7328     0.485      0.45     0.457     0.425       5.1     0.674      7.59         0         0       110         0         0         0     0.705      0.524      0.555      0.538
   65/99   7328/7328     0.483     0.449     0.458     0.424      5.07      0.67      7.55         0         0        75         0         0         0     0.617      0.525      0.554      0.539
   66/99   7328/7328     0.481     0.448     0.456     0.424      5.07     0.667      7.54         0         0       127         0         0         0     0.702      0.523      0.552      0.537
   67/99   7328/7328     0.482     0.446     0.455     0.422      5.06     0.665      7.53         0         0       106         0         0         0     0.696      0.524      0.555      0.539
   68/99   7328/7328     0.481     0.446     0.454      0.42      5.02     0.657      7.48         0         0       129         0         0         0     0.672      0.525      0.555       0.54
   69/99   7328/7328     0.478     0.446     0.452      0.42      5.02     0.652      7.47         0         0       101         0         0         0     0.688      0.526      0.557       0.54
   70/99   7328/7328     0.478     0.444     0.452      0.42         5     0.647      7.44         0         0       108         0         0         0     0.719      0.524      0.553      0.538
   71/99   7328/7328     0.476     0.444     0.451     0.418      4.99     0.643      7.42         0         0       147         0         0         0     0.631      0.526      0.558      0.541
   72/99   7328/7328     0.477     0.443     0.449     0.416      4.97      0.64      7.39         0         0        57         0         0         0     0.671      0.525      0.555      0.539
   73/99   7328/7328     0.476     0.442     0.448     0.418      4.96     0.636      7.38         0         0        90         0         0         0     0.721      0.524      0.554      0.539
   74/99   7328/7328     0.475      0.44     0.447     0.414      4.95     0.631      7.36         0         0       146         0         0         0     0.833      0.525      0.558      0.539
   75/99   7328/7328     0.475     0.441     0.447     0.414      4.93     0.629      7.34         0         0       132         0         0         0     0.683      0.527      0.558      0.541
   76/99   7328/7328     0.474      0.44     0.445     0.416      4.92     0.625      7.32         0         0       148         0         0         0     0.696      0.524      0.555      0.539
   77/99   7328/7328     0.473     0.438     0.445     0.412       4.9     0.624       7.3         0         0       130         0         0         0     0.653      0.526      0.556       0.54
   78/99   7328/7328     0.472     0.439     0.445     0.414       4.9     0.618      7.29         0         0        94         0         0         0     0.614      0.524      0.554      0.538
   79/99   7328/7328     0.471     0.438     0.444     0.411      4.87     0.616      7.25         0         0       105         0         0         0     0.613      0.524      0.554      0.539
   80/99   7328/7328     0.471     0.436     0.444     0.411      4.87     0.614      7.24         0         0       158         0         0         0     0.647      0.523      0.554      0.538
   81/99   7328/7328      0.47     0.436     0.443     0.409      4.86     0.612      7.23         0         0        60         0         0         0     0.641      0.523      0.554      0.537
   82/99   7328/7328     0.471     0.435      0.44     0.409      4.84     0.605       7.2         0         0        68         0         0         0     0.658      0.526      0.559       0.54
   83/99   7328/7328      0.47     0.434      0.44     0.407      4.84     0.605      7.19         0         0        77         0         0         0     0.625      0.525      0.556      0.539
   84/99   7328/7328     0.468     0.434     0.439     0.407      4.82     0.603      7.17         0         0       144         0         0         0     0.635      0.524      0.555      0.539
   85/99   7328/7328     0.467     0.434      0.44     0.407      4.82     0.598      7.17         0         0       100         0         0         0     0.591      0.523      0.551      0.537
   86/99   7328/7328     0.468     0.432     0.437     0.406       4.8     0.595      7.13         0         0       106         0         0         0     0.605      0.524      0.555      0.538
   87/99   7328/7328     0.466     0.432     0.437     0.406       4.8     0.591      7.13         0         0        90         0         0         0     0.598      0.522      0.551      0.537
   88/99   7328/7328     0.465     0.432     0.436     0.404      4.77     0.589       7.1         0         0       140         0         0         0     0.631      0.525      0.556      0.539
   89/99   7328/7328     0.465     0.431     0.436     0.403      4.78     0.589       7.1         0         0       129         0         0         0     0.617      0.522      0.551      0.536
   90/99   7328/7328     0.466      0.43     0.435     0.403      4.77     0.582      7.08         0         0       143         0         0         0      0.61      0.524      0.554      0.538
   91/99   7328/7328     0.465     0.429     0.435     0.401      4.75      0.58      7.06         0         0       120         0         0         0     0.602      0.525      0.556      0.539
   92/99   7328/7328     0.465     0.429     0.434     0.402      4.75     0.581      7.06         0         0       104         0         0         0     0.616      0.523      0.553      0.537
   93/99   7328/7328     0.464     0.429     0.433     0.403      4.72     0.575      7.03         0         0        79         0         0         0     0.629      0.524      0.554      0.539
   94/99   7328/7328     0.464     0.428     0.431       0.4      4.72     0.572      7.02         0         0        84         0         0         0     0.651      0.524      0.554      0.539
   95/99   7328/7328     0.463     0.427     0.431     0.399      4.72     0.573      7.01         0         0       116         0         0         0     0.623      0.522      0.553      0.536
   96/99   7328/7328     0.462     0.426      0.43     0.397       4.7     0.569      6.98         0         0       107         0         0         0     0.648      0.522      0.551      0.536
   97/99   7328/7328     0.462     0.425      0.43     0.397      4.68     0.564      6.96         0         0       178         0         0         0      0.59      0.524      0.554      0.538
   98/99   7328/7328      0.46     0.425     0.427     0.397      4.67     0.565      6.95         0         0        88         0         0         0     0.669      0.525      0.556      0.539
   99/99   7328/7328     0.461     0.425     0.427     0.396      4.69     0.562      6.96         0         0        97         0         0         0     0.619      0.524      0.557      0.538
    0/99     937/937     0.701     0.669      1.32      1.94       120       1.9       127         0         0        48         0         0         0      2.18      0.642      0.686      0.666
    1/99     937/937      0.19     0.188     0.246      0.21      1.14     0.403      2.38         0         0        48         0         0         0     0.778      0.778      0.753      0.801
    2/99     937/937     0.141     0.141     0.173     0.144     0.891     0.299      1.79         0         0        50         0         0         0     0.952        0.8      0.797      0.815
    3/99     937/937     0.125     0.124     0.157     0.124     0.814     0.267      1.61         0         0        37         0         0         0     0.958      0.811      0.798      0.828
    4/99     937/937     0.113     0.113     0.141     0.111      0.76     0.248      1.49         0         0        27         0         0         0      1.21      0.819      0.809      0.834
    5/99     937/937     0.107     0.107     0.131     0.103     0.734     0.231      1.41         0         0        44         0         0         0         1       0.83      0.803      0.845
    6/99     937/937     0.102     0.101     0.124       0.1     0.711     0.223      1.36         0         0        45         0         0         0     0.878      0.837      0.832       0.85
    7/99     937/937    0.0966    0.0985     0.119    0.0911     0.688     0.215      1.31         0         0        39         0         0         0     0.876      0.834      0.813      0.849
    8/99     937/937    0.0937    0.0919     0.115    0.0866     0.666     0.206      1.26         0         0        49         0         0         0     0.657      0.842       0.81      0.856
    9/99     937/937    0.0901    0.0903      0.11    0.0842     0.654     0.205      1.23         0         0        47         0         0         0     0.665      0.846       0.84      0.858
   10/99     937/937    0.0864    0.0853     0.108    0.0818     0.644     0.193       1.2         0         0        62         0         0         0      1.22      0.847      0.831      0.859
   11/99     937/937    0.0864    0.0854     0.105    0.0783     0.638     0.188      1.18         0         0        40         0         0         0      1.04      0.837      0.791      0.853
   12/99     937/937    0.0841    0.0834     0.105    0.0775     0.622     0.188      1.16         0         0        43         0         0         0      1.05      0.853      0.828      0.866
   13/99     937/937    0.0827     0.082     0.101    0.0754     0.612     0.182      1.13         0         0        70         0         0         0     0.965      0.861      0.826      0.874
   14/99     937/937    0.0811    0.0796    0.0995    0.0739     0.611     0.177      1.12         0         0        59         0         0         0      0.72      0.848      0.828      0.862
   15/99     937/937    0.0796    0.0777    0.0966    0.0713     0.599     0.174       1.1         0         0        35         0         0         0      1.43      0.856      0.818       0.87
   16/99     937/937    0.0781    0.0758    0.0958    0.0704     0.595     0.171      1.09         0         0        28         0         0         0     0.884      0.857      0.825      0.871
   17/99     937/937     0.077    0.0767    0.0929    0.0695     0.591     0.168      1.07         0         0        43         0         0         0     0.904      0.861      0.827      0.874
   18/99     937/937    0.0753    0.0737    0.0919    0.0673     0.583     0.166      1.06         0         0        43         0         0         0     0.718      0.866      0.814       0.88
   19/99     937/937    0.0751    0.0724    0.0916    0.0671     0.577     0.163      1.05         0         0        31         0         0         0     0.731      0.855      0.818      0.868
   20/99     937/937    0.0726    0.0721    0.0892    0.0669     0.573     0.156      1.03         0         0        43         0         0         0      0.87      0.868      0.832      0.882
   21/99     937/937    0.0721    0.0724    0.0887    0.0653     0.565     0.156      1.02         0         0        35         0         0         0     0.627      0.856      0.814       0.87
   22/99     937/937    0.0719    0.0717    0.0892    0.0644     0.557     0.152      1.01         0         0        56         0         0         0     0.701      0.853      0.811      0.866
   23/99     937/937     0.071    0.0697    0.0866    0.0634     0.553     0.151     0.995         0         0        76         0         0         0     0.899       0.86      0.805      0.875
   24/99     937/937    0.0713     0.069    0.0875    0.0621     0.555      0.15     0.995         0         0        31         0         0         0     0.655      0.867      0.839       0.88
   25/99     937/937    0.0706    0.0684    0.0845    0.0615     0.545     0.147     0.977         0         0        33         0         0         0     0.575      0.871       0.82      0.884
   26/99     937/937    0.0688    0.0663    0.0843     0.061     0.546     0.145     0.971         0         0        52         0         0         0     0.811      0.865        0.8       0.88
   27/99     937/937    0.0686    0.0669    0.0833    0.0604     0.551     0.145     0.975         0         0        54         0         0         0     0.806      0.869       0.82      0.882
   28/99     937/937    0.0678    0.0658    0.0811    0.0597     0.534     0.139     0.948         0         0        49         0         0         0     0.801      0.878      0.844      0.889
   29/99     937/937    0.0667    0.0644    0.0807    0.0589     0.533     0.136     0.939         0         0        48         0         0         0     0.624      0.868      0.833      0.881
   30/99     937/937    0.0657    0.0645     0.082    0.0589     0.528     0.133     0.933         0         0        48         0         0         0     0.643      0.874      0.836      0.886
   31/99     937/937     0.066    0.0639    0.0813    0.0588     0.529     0.133     0.932         0         0        61         0         0         0     0.812      0.884      0.844      0.895
   32/99     937/937    0.0658    0.0628    0.0803    0.0582     0.523     0.131     0.921         0         0        54         0         0         0     0.632      0.877      0.844       0.89
   33/99     937/937    0.0648    0.0634    0.0792    0.0577     0.525      0.13      0.92         0         0        62         0         0         0     0.735      0.877      0.834       0.89
   34/99     937/937    0.0652    0.0623    0.0784    0.0564      0.52     0.125     0.908         0         0        40         0         0         0     0.583      0.871      0.833      0.884
   35/99     937/937    0.0639    0.0623    0.0778    0.0573     0.515     0.129     0.905         0         0        32         0         0         0     0.729      0.873      0.848      0.885
   36/99     937/937    0.0627    0.0613    0.0772    0.0557     0.513     0.124     0.894         0         0        36         0         0         0     0.731      0.879      0.837      0.891
   37/99     937/937    0.0623    0.0597    0.0764    0.0551      0.51      0.12     0.884         0         0        33         0         0         0      0.78      0.877      0.838       0.89
   38/99     937/937    0.0625      0.06    0.0766     0.055     0.509     0.121     0.884         0         0        54         0         0         0      0.83       0.88      0.844      0.892
   39/99     937/937     0.062    0.0601    0.0753    0.0547     0.508     0.119     0.879         0         0        52         0         0         0     0.703       0.88      0.836      0.893
   40/99     937/937    0.0609    0.0585    0.0739    0.0541     0.505     0.117     0.869         0         0        35         0         0         0     0.571      0.881      0.854      0.892
   41/99     937/937    0.0612    0.0585    0.0732    0.0539     0.501     0.115     0.863         0         0        36         0         0         0     0.671      0.879      0.853       0.89
   42/99     937/937    0.0612     0.059    0.0742    0.0542     0.503     0.112     0.864         0         0        49         0         0         0     0.734      0.882      0.842      0.894
   43/99     937/937    0.0601    0.0591    0.0725    0.0535     0.496     0.115     0.856         0         0        56         0         0         0     0.942      0.883      0.852      0.895
   44/99     937/937    0.0602    0.0571    0.0724    0.0534     0.496      0.11      0.85         0         0        43         0         0         0     0.997      0.883      0.841      0.895
   45/99     937/937    0.0599    0.0578    0.0725    0.0531     0.495     0.111      0.85         0         0        37         0         0         0     0.632      0.884      0.857      0.895
   46/99     937/937    0.0593    0.0578    0.0719    0.0525     0.498     0.108     0.848         0         0        69         0         0         0     0.976      0.884      0.851      0.896
   47/99     937/937    0.0599     0.058    0.0722    0.0527     0.498     0.107     0.847         0         0        45         0         0         0     0.707      0.885      0.857      0.895
   48/99     937/937    0.0601     0.057    0.0712    0.0512     0.491     0.105     0.835         0         0        48         0         0         0     0.801      0.882      0.865      0.893
   49/99     937/937    0.0584    0.0572    0.0709    0.0511     0.489     0.105     0.831         0         0        35         0         0         0     0.571      0.881      0.857      0.892
   50/99     937/937    0.0576    0.0561    0.0706    0.0518     0.484    0.0998      0.82         0         0        41         0         0         0     0.811      0.884      0.857      0.895
   51/99     937/937    0.0538    0.0521     0.061    0.0445     0.455    0.0839      0.75         0         0        59         0         0         0     0.995      0.889      0.859        0.9
   52/99     937/937    0.0527    0.0497    0.0602     0.043     0.443    0.0812      0.73         0         0        51         0         0         0      0.72       0.89       0.86      0.901
   53/99     937/937    0.0521    0.0487    0.0595    0.0429      0.44    0.0758     0.719         0         0        32         0         0         0     0.855      0.891      0.859      0.902
   54/99     937/937    0.0518    0.0492    0.0587    0.0422     0.437    0.0747     0.713         0         0        43         0         0         0     0.966      0.892       0.86      0.902
   55/99     937/937    0.0513    0.0488    0.0586     0.042     0.435    0.0721     0.708         0         0        43         0         0         0     0.685      0.894      0.861      0.905
   56/99     937/937    0.0515     0.048    0.0578    0.0415     0.433    0.0716     0.704         0         0        45         0         0         0      1.08      0.894      0.866      0.904
   57/99     937/937    0.0511    0.0478    0.0581    0.0416      0.43    0.0703     0.699         0         0        29         0         0         0      0.93      0.893      0.861      0.904
   58/99     937/937    0.0513    0.0478    0.0577    0.0408     0.431    0.0698     0.698         0         0        40         0         0         0     0.888      0.893      0.859      0.904
   59/99     937/937    0.0499    0.0483    0.0576    0.0415     0.425    0.0688     0.691         0         0        41         0         0         0     0.989      0.892      0.862      0.903
   60/99     937/937    0.0492    0.0467    0.0568     0.041     0.427    0.0679     0.688         0         0        50         0         0         0     0.739      0.894      0.861      0.904
   61/99     937/937    0.0501    0.0467    0.0574     0.041     0.427    0.0662     0.688         0         0        54         0         0         0     0.871      0.894      0.862      0.904
   62/99     937/937    0.0501    0.0482    0.0567    0.0414     0.427    0.0655     0.689         0         0        59         0         0         0     0.727      0.895      0.864      0.905
   63/99     937/937    0.0497    0.0471    0.0564    0.0408     0.424    0.0641     0.682         0         0        43         0         0         0     0.852      0.895      0.858      0.906
   64/99     937/937    0.0493    0.0472    0.0563    0.0409     0.419    0.0634     0.676         0         0        27         0         0         0     0.959      0.895      0.862      0.906
   65/99     937/937    0.0491    0.0469    0.0564    0.0407     0.424    0.0638     0.681         0         0        60         0         0         0     0.785      0.893      0.861      0.904
   66/99     937/937    0.0495    0.0467    0.0566    0.0404      0.42    0.0609     0.674         0         0        48         0         0         0     0.849      0.894       0.86      0.905
   67/99     937/937    0.0488    0.0461     0.056    0.0406     0.418    0.0605      0.67         0         0        63         0         0         0      0.92      0.894      0.864      0.905
   68/99     937/937    0.0489    0.0473    0.0559    0.0404     0.415    0.0604     0.668         0         0        42         0         0         0     0.888      0.892      0.861      0.903
   69/99     937/937    0.0491    0.0464     0.056    0.0404     0.419    0.0604     0.671         0         0        65         0         0         0     0.811      0.894       0.86      0.906
   70/99     937/937    0.0486    0.0458    0.0559    0.0404     0.415     0.058     0.664         0         0        45         0         0         0     0.684      0.896      0.867      0.906
   71/99     937/937    0.0482    0.0453    0.0551    0.0401     0.419    0.0583     0.666         0         0        45         0         0         0     0.676      0.894      0.862      0.905
   72/99     937/937    0.0488    0.0459    0.0555    0.0402     0.416    0.0577     0.665         0         0        36         0         0         0     0.728      0.893      0.862      0.903
   73/99     937/937    0.0497     0.046    0.0555    0.0403     0.412    0.0587     0.662         0         0        37         0         0         0         1      0.896      0.866      0.906
   74/99     937/937    0.0484    0.0452     0.055    0.0402     0.412    0.0566     0.658         0         0        32         0         0         0     0.705      0.895       0.86      0.906
   75/99     937/937    0.0482    0.0459    0.0556    0.0399     0.415     0.054     0.658         0         0        42         0         0         0      1.24      0.896      0.863      0.906
   76/99     937/937    0.0497     0.046    0.0557    0.0397     0.411    0.0564     0.658         0         0        38         0         0         0      0.97      0.893      0.858      0.904
   77/99     937/937     0.048    0.0459    0.0541    0.0398     0.414    0.0545     0.657         0         0        51         0         0         0     0.819      0.897      0.863      0.908
   78/99     937/937    0.0482    0.0452    0.0545    0.0396     0.411    0.0558     0.654         0         0        62         0         0         0     0.698      0.896      0.867      0.907
   79/99     937/937    0.0477    0.0452    0.0545      0.04     0.409    0.0551     0.652         0         0        57         0         0         0     0.721      0.895      0.867      0.905
   80/99     937/937     0.048    0.0449    0.0544    0.0396     0.408    0.0532     0.648         0         0        49         0         0         0     0.556      0.894      0.862      0.905
   81/99     937/937    0.0482    0.0447    0.0544    0.0393     0.406    0.0542     0.647         0         0        50         0         0         0     0.654      0.895      0.862      0.905
   82/99     937/937    0.0478    0.0456    0.0544    0.0396     0.415    0.0549     0.657         0         0        42         0         0         0     0.585      0.893      0.862      0.904
   83/99     937/937    0.0477     0.044    0.0546    0.0396     0.405    0.0549     0.646         0         0        44         0         0         0     0.641      0.895      0.864      0.906
   84/99     937/937    0.0485    0.0452    0.0541    0.0396     0.412    0.0541     0.653         0         0        41         0         0         0     0.625      0.894      0.863      0.905
   85/99     937/937    0.0477    0.0441    0.0541    0.0394     0.405    0.0514     0.642         0         0        46         0         0         0     0.598      0.895      0.867      0.906
   86/99     937/937    0.0483    0.0451    0.0541    0.0392     0.407    0.0521     0.645         0         0        42         0         0         0     0.661      0.895      0.865      0.906
   87/99     937/937    0.0472    0.0443    0.0536    0.0393     0.403    0.0496     0.637         0         0        23         0         0         0     0.667      0.897      0.866      0.908
   88/99     937/937    0.0477    0.0446    0.0538    0.0393     0.401    0.0514     0.637         0         0        42         0         0         0     0.697      0.893      0.864      0.904
   89/99     937/937    0.0477     0.045    0.0536    0.0395     0.408    0.0496     0.643         0         0        38         0         0         0     0.597      0.896      0.866      0.907
   90/99     937/937    0.0477     0.045    0.0528    0.0389     0.404    0.0505     0.639         0         0        27         0         0         0     0.593      0.893      0.866      0.905
   91/99     937/937    0.0472    0.0441    0.0534    0.0391     0.402    0.0473     0.633         0         0        32         0         0         0     0.537      0.893      0.861      0.904
   92/99     937/937    0.0469    0.0441    0.0532    0.0389     0.404    0.0476     0.635         0         0        45         0         0         0     0.602      0.894      0.868      0.904
   93/99     937/937    0.0465    0.0441    0.0528    0.0389     0.408    0.0487     0.639         0         0        42         0         0         0     0.622      0.895      0.861      0.906
   94/99     937/937    0.0473    0.0438     0.053    0.0388       0.4    0.0478     0.631         0         0        63         0         0         0     0.769      0.895      0.864      0.906
   95/99     937/937    0.0474    0.0436    0.0532    0.0388     0.403    0.0458     0.632         0         0        45         0         0         0     0.798      0.897      0.869      0.907
   96/99     937/937    0.0469    0.0444    0.0526    0.0387     0.401    0.0451     0.629         0         0        50         0         0         0         1      0.893      0.862      0.904
   97/99     937/937    0.0468    0.0436    0.0529    0.0389     0.401    0.0467      0.63         0         0        47         0         0         0     0.857      0.896      0.866      0.907
   98/99     937/937    0.0471    0.0445    0.0525    0.0386     0.402    0.0465     0.631         0         0        47         0         0         0      1.13      0.895      0.863      0.906
   99/99     937/937    0.0467    0.0436    0.0528    0.0386     0.402    0.0472     0.631         0         0        43         0         0         0     0.877      0.895      0.863      0.906
