00001
00002
00003
00004
00005
00007
00008
00009
00010
00011
00012
00013
00014
00016
00017
00020
00021
00024
00025
00027
00028
00029
00030
00031
00032
00034
00035
00038
00040
00041
00042
00043
00044
00046
00047
00048
00050
00052
00053
00054
00056
00058
00059
00061
00062
00063
00064
00065
00066
00067
00069
00071
00073
00075
00076
00077
00078
00079
00081
00083
00084
00086
00088
00089
00090
00091
00092
00093
00094
00095
00096
00097
00098
00099
00101
00102
00103
00104
00105
00106
00107
00108
00109
00110
00111
00113
00115
00116
00117
00118
00119
00120
00122
00123
00124
00125
00126
00127
00128
00129
00130
00131
00132
00133
00134
00135
00136
00137
00138
00139
00140
00141
00142
00143
00144
00145
00146
00147
00149
00150
00151
00152
00153
00155
00156
00157
00160
00161
00162
00163
00164
00165
00166
00167
00169
00170
00171
00172
00173
00174
00175
00176
00177
00178
00179
00180
00181
00182
00183
00184
00186
00188
00189
00191
00192
00193
00194
00195
00196
00197
00198
00199
00201
00202
00203
00204
00205
00206
00207
00208
00209
00210
00211
00212
00213
00214
00215
00216
00217
00218
00220
00221
00222
00223
00224
00225
00228
00229
00230
00232
00234
00235
00236
00238
00239
00240
00242
00243
00244
00245
00247
00248
00249
00250
00251
00252
00253
00254
00255
00258
00259
00261
00262
00263
00264
00265
00266
00268
00269
00271
00272
00274
00275
00276
00277
00278
00279
00280
00281
00282
00283
00284
00285
00286
00287
00288
00289
00290
00291
00292
00293
00296
00297
00298
00299
00300
00301
00304
00305
00306
00307
00309
00310
00311
00314
00315
00316
00319
00321
00322
00323
00324
00325
00327
00328
00330
00331
00332
00333
00334
00335
00336
00337
00338
00339
00340
00342
00343
00344
00348
00349
00350
00351
00352
00353
00355
00357
00358
00359
00360
00361
00362
00364
00365
00366
00367
00368
00369
00372
00373
00374
00375
00377
00378
00380
00381
00382
00383
00384
00385
00386
00387
00388
00389
00391
00393
00396
00397
00398
00399
00400
00401
00403
00405
00406
00407
00408
00410
00412
00413
00414
00415
00416
00420
00421
00423
00424
00425
00426
00427
00429
00431
00432
00433
00434
00435
00436
00437
00438
00439
00440
00442
00445
00446
00447
00448
00449
00450
00452
00453
00455
00458
00459
00460
00461
00462
00463
00464
00465
00467
00468
00470
00471
00472
00473
00475
00476
00477
00479
00480
00481
00482
00483
00485
00486
00487
00490
00492
00493
00496
00499
00500
00501
00502
00503
00504
00505
00506
00507
00508
00509
00512
00513
00514
00517
00518
00519
00520
00522
00523
00525
00526
00527
00528
00530
00532
00533
00534
00536
00537
00538
00539
00541
00542
00544
00545
00546
00547
00549
00550
00553
00554
00555
00556
00559
00561
00563
00564
00565
00567
00568
00570
00571
00573
00575
00576
00579
00580
00581
00582
00584
00585
00586
00587
00588
00589
00590
00591
00592
00594
00597
00599
00601
00603
00604
00607
00609
00610
00611
00612
00613
00614
00615
00616
00618
00622
00623
00624
00625
00626
00627
00630
00632
00633
00634
00636
00637
00638
00639
00640
00641
00644
00645
00646
00647
00649
00650
00653
00656
00657
00658
00659
00660
00661
00662
00663
00664
00665
00666
00667
00670
00672
00673
00674
00675
00676
00677
00679
00680
00681
00683
00684
00685
00686
00687
00688
00689
00690
00691
00692
00693
00694
00695
00698
00699
00701
00702
00703
00704
00705
00706
00707
00708
00709
00710
00711
00712
00713
00714
00715
00716
00717
00718
00719
00720
00721
00723
00724
00726
00727
00734
00735
00736
00737
00738
00739
00741
00743
00744
00747
00748
00749
00750
00751
00752
00753
00754
00755
00756
00757
00758
00759
00761
00763
00764
00765
00766
00768
00769
00770
00771
00772
00773
00774
00775
00777
00778
00779
00780
00783
00784
00785
00786
00787
00791
00792
00793
00794
00795
00797
00798
00799
00801
00802
00803
00804
00805
00806
00807
00808
00809
00810
00811
00814
00815
00817
00818
00819
00820
00821
00822
00825
00826
00827
00828
00829
00830
00831
00833
00834
00835
00836
00838
00839
00840
00841
00843
00844
00845
00846
00847
00849
00850
00852
00854
00855
00857
00858
00859
00861
00862
00863
00864
00865
00867
00868
00872
00873
00874
00876
00877
00878
00879
00880
00881
00882
00883
00884
00885
00886
00888
00889
00890
00893
00894
00895
00896
00897
00899
00901
00902
00903
00904
00905
00906
00907
00908
00909
00910
00911
00912
00913
00914
00916
00917
00918
00920
00921
00922
00923
00924
00925
00926
00927
00928
00929
00931
00932
00933
00934
00935
00938
00939
00941
00942
00943
00944
00946
00947
00948
00949
00950
00951
00952
00953
00955
00956
00957
00958
00960
00961
00962
00963
00964
00965
00966
00968
00969
00971
00972
00973
00974
00975
00976
00977
00978
00979
00981
00982
00983
00984
00985
00988
00989
00992
00993
00994
00996
00997
00998
01000
01001
01007
01008
01009
01010
01011
01014
01015
01016
01017
01018
01019
01020
01021
01022
01025
01026
01028
01029
01031
01033
01034
01035
01036
01037
01038
01039
01040
01041
01042
01043
01044
01045
01047
01048
01049
01050
01052
01053
01054
01055
01056
01057
01060
01061
01062
01065
01066
01069
01070
01073
01074
01075
01076
01078
01079
01080
01081
01086
01087
01088
01089
01090
01091
01092
01093
01094
01095
01096
01098
01100
01101
01103
01104
01107
01108
01109
01110
01111
01112
01116
01117
01118
01119
01120
01121
01122
01123
01124
01126
01127
01129
01130
01131
01132
01133
01134
01135
01136
01139
01140
01141
01142
01143
01145
01146
01147
01148
01152
01154
01156
01157
01159
01161
01163
01164
01165
01166
01169
01170
01171
01173
01174
01175
01176
01177
01178
01179
01182
01183
01184
01186
01187
01190
01192
01194
01195
01196
01197
01198
01199
01200
01201
01202
01204
01205
01206
01207
01208
01210
01211
01212
01213
01214
01215
01217
01221
01222
01223
01224
01226
01227
01229
01230
01231
01232
01234
01235
01236
01237
01238
01239
01240
01241
01242
01243
01245
01246
01247
01248
01249
01250
01251
01252
01253
01254
01255
01256
01258
01259
01260
01262
01263
01264
01265
01266
01267
01268
01269
01271
01272
01274
01275
01276
01277
01278
01279
01280
01281
01283
01284
01286
01287
01288
01289
01290
01292
01295
01296
01297
01298
01299
01300
01301
01302
01303
01306
01307
01309
01310
01311
01312
01313
01314
01315
01317
01318
01319
01321
01322
01323
01324
01325
01326
01327
01328
01329
01331
01333
01334
01336
01337
01338
01339
01340
01343
01344
01345
01346
01347
01348
01349
01350
01351
01352
01353
01355
01359
01361
01364
01365
01366
01368
01369
01370
01371
01372
01373
01374
01376
01378
01379
01380
01382
01383
01384
01387
01388
01391
01392
01394
01396
01397
01398
01399
01401
01403
01404
01405
01406
01407
01409
01410
01411
01415
01418
01419
01420
01422
01424
01425
01426
01430
01431
01433
01434
01435
01436
01437
01438
01439
01441
01442
01443
01444
01445
01447
01450
01452
01453
01455
01456
01457
01459
01460
01461
01462
01463
01464
01465
01466
01467
01468
01469
01470
01471
01472
01473
01474
01475
01477
01478
01483
01484
01485
01486
01487
01488
01489
01490
01491
01492
01493
01495
01496
01497
01498
01500
01501
01504
01505
01506
01507
01508
01509
01511
01512
01513
01514
01515
01516
01519
01520
01521
01522
01523
01524
01525
01526
01527
01528
01530
01532
01533
01534
01535
01536
01537
01538
01539
01540
01541
01542
01543
01544
01546
01547
01549
01550
01551
01552
01553
01554
01555
01556
01558
01559
01560
01561
01563
01564
01565
01566
01567
01568
01569
01570
01572
01573
01574
01575
01576
01580
01581
01583
01584
01585
01586
01587
01588
01589
01590
01592
01593
01594
01595
01596
01597
01598
01599
01600
01603
01604
01605
01607
01608
01609
01610
01611
01612
01614
01615
01616
01617
01618
01620
01621
01622
01623
01626
01627
01629
01630
01631
01632
01634
01635
01636
01637
01638
01639
01640
01641
01642
01644
01645
01646
01647
01648
01651
01652
01653
01654
01655
01656
01657
01660
01661
01662
01663
01664
01665
01666
01667
01668
01671
01672
01674
01679
01680
01681
01686
01687
01688
01689
01690
01692
01693
01695
01696
01697
01698
01700
01702
01704
01705
01706
01707
01708
01712
01713
01717
01718
01719
01720
01721
01722
01724
01726
01727
01728
01729
01730
01731
01732
01733
01734
01736
01737
01738
01739
01740
01743
01745
01746
01747
01749
01750
01752
01754
01755
01757
01758
01759
01760
01761
01762
01763
01764
01765
01766
01767
01768
01769
01770
01771
01772
01773
01774
01776
01777
01778
01780
01781
01782
01783
01784
01785
01786
01787
01788
01789
01791
01792
01794
01797
01798
01799
01801
01802
01803
01804
01805
01806
01807
01808
01809
01811
01812
01813
01814
01815
01816
01818
01821
01822
01823
01824
01825
01826
01827
01828
01829
01831
01832
01833
01834
01835
01837
01841
01842
01843
01844
01845
01846
01848
01849
01850
01851
01852
01853
01854
01855
01856
01857
01858
01859
01860
01861
01862
01863
01864
01866
01867
01868
01869
01870
01871
01872
01876
01877
01879
01880
01882
01884
01886
01887
01888
01889
01890
01892
01894
01896
01898
01899
01902
01903
01904
01905
01906
01908
01910
01911
01912
01913
01915
01916
01917
01918
01920
01922
01923
01924
01925
01926
01927
01928
01929
01930
01931
01933
01935
01936
01938
01939
01940
01941
01942
01943
01944
01945
01946
01947
01948
01953
01958
01960
01961
01963
01964
01966
01967
01968
01969
01971
01972
01973
01974
01975
01976
01977
01978
01981
01982
01983
01984
01985
01986
01987
01988
01989
01990
01991
01993
01994
01997
01998
01999
02001
02002
02003
02004
02005
02006
02007
02008
02009
02010
02011
02012
02013
02014
02015
02016
02018
02019
02020
02021
02022
02023
02024
02025
02026
02027
02028
02029
02030
02031
02032
02033
02034
02037
02038
02039
02040
02041
02042
02044
02045
02046
02048
02049
02051
02052
02053
02054
02055
02056
02057
02059
02060
02061
02062
02064
02067
02068
02069
02070
02071
02072
02073
02075
02076
02078
02079
02080
02081
02082
02083
02085
02086
02087
02088
02090
02091
02092
02093
02094
02095
02096
02097
02098
02099
02100
02102
02103
02104
02105
02108
02109
02110
02111
02112
02113
02114
02117
02118
02120
02122
02123
02124
02125
02126
02127
02129
02131
02133
02134
02135
02137
02138
02139
02141
02142
02143
02144
02145
02147
02148
02149
02150
02152
02153
02154
02155
02156
02158
02159
02160
02161
02162
02163
02164
02165
02166
02167
02170
02171
02173
02174
02175
02177
02179
02180
02182
02183
02184
02186
02187
02188
02189
02191
02192
02193
02196
02197
02198
02199
02200
02201
02202
02203
02206
02207
02208
02209
02210
02212
02214
02215
02216
02218
02219
02223
02224
02227
02228
02229
02230
02231
02232
02233
02234
02237
02240
02242
02244
02245
02246
02248
02251
02252
02253
02254
02256
02257
02261
02262
02265
02266
02267
02268
02269
02270
02271
02272
02273
02274
02275
02276
02277
02278
02279
02280
02281
02282
02283
02286
02287
02288
02289
02290
02291
02294
02295
02296
02298
02302
02304
02305
02306
02307
02308
02309
02310
02311
02313
02314
02315
02316
02317
02318
02319
02320
02323
02325
02327
02328
02329
02330
02332
02333
02334
02336
02337
02338
02339
02340
02341
02347
02348
02349
02350
02351
02352
02353
02354
02355
02357
02358
02359
02361
02362
02363
02365
02366
02367
02368
02370
02371
02372
02375
02376
02377
02379
02380
02381
02382
02383
02387
02388
02389
02391
02392
02394
02395
02396
02397
02398
02399
02400
02402
02403
02404
02405
02407
02408
02409
02410
02412
02414
02415
02418
02419
02420
02421
02423
02424
02425
02428
02429
02432
02433
02434
02435
02437
02438
02440
02441
02443
02446
02447
02448
02449
02450
02451
02452
02453
02454
02456
02457
02458
02460
02462
02463
02464
02469
02471
02472
02474
02475
02476
02477
02480
02481
02482
02485
02488
02490
02491
02492
02493
02494
02496
02497
02498
02499
02500
02503
02504
02505
02506
02507
02508
02510
02512
02513
02514
02515
02516
02517
02518
02519
02520
02522
02523
02524
02525
02526
02529
02530
02531
02532
02533
02534
02535
02539
02540
02541
02543
02544
02545
02547
02548
02551
02553
02554
02556
02559
02560
02561
02562
02563
02564
02565
02567
02569
02570
02571
02572
02573
02575
02576
02577
02578
02579
02580
02581
02582
02583
02584
02585
02586
02587
02588
02589
02590
02592
02594
02595
02596
02597
02598
02600
02603
02604
02605
02606
02607
02610
02611
02612
02613
02614
02615
02616
02617
02618
02619
02620
02621
02622
02623
02624
02625
02626
02627
02628
02629
02630
02631
02632
02633
02634
02636
02637
02639
02640
02641
02643
02644
02646
02647
02648
02650
02653
02654
02655
02656
02658
02659
02660
02663
02665
02668
02669
02671
02672
02673
02674
02675
02676
02678
02680
02681
02682
02683
02684
02686
02687
02688
02690
02691
02692
02694
02697
02699
02702
02703
02705
02706
02707
02708
02709
02710
02711
02712
02713
02714
02715
02716
02717
02718
02719
02720
02721
02725
02726
02727
02728
02729
02730
02732
02735
02736
02737
02738
02739
02741
02742
02743
02744
02747
02748
02750
02752
02754
02755
02761
02762
02763
02765
02766
02767
02769
02770
02771
02772
02773
02775
02776
02778
02780
02781
02782
02783
02786
02787
02788
02790
02791
02792
02793
02794
02796
02797
02798
02799
02800
02801
02802
02803
02804
02805
02807
02809
02811
02812
02813
02815
02816
02817
02820
02821
02822
02824
02825
02826
02829
02830
02831
02832
02833
02834
02837
02838
02839
02840
02841
02842
02843
02845
02846
02847
02848
02850
02851
02852
02853
02855
02857
02859
02860
02862
02863
02864
02866
02867
02868
02870
02871
02872
02873
02874
02875
02876
02877
02879
02880
02881
02882
02883
02886
02889
02890
02891
02892
02893
02894
02895
02897
02898
02900
02901
02902
02903
02904
02906
02907
02908
02910
02911
02912
02913
02914
02915
02916
02917
02918
02919
02921
02922
02923
02924
02925
02927
02928
02929
02930
02931
02933
02934
02936
02938
02940
02942
02943
02945
02946
02947
02948
02949
02950
02951
02952
02953
02954
02956
02957
02958
02959
02960
02961
02962
02963
02966
02967
02968
02969
02970
02971
02972
02973
02975
02976
02978
02979
02984
02985
02986
02989
02990
02994
02996
02997
02998
03000
03002
03003
03004
03005
03006
03007
03008
03009
03010
03011
03012
03013
03014
03015
03016
03017
03020
03021
03022
03023
03024
03027
03028
03029
03031
03032
03033
03036
03038
03040
03041
03043
03044
03045
03046
03047
03049
03050
03052
03053
03054
03055
03056
03057
03058
03059
03060
03061
03062
03063
03064
03065
03066
03067
03069
03071
03075
03076
03077
03079
03080
03081
03082
03086
03088
03089
03090
03091
03092
03093
03094
03095
03096
03097
03098
03099
03101
03102
03103
03104
03105
03106
03108
03109
03110
03112
03113
03114
03115
03116
03117
03118
03120
03121
03123
03124
03125
03126
03127
03128
03129
03130
03131
03133
03134
03135
03136
03137
03138
03140
03142
03143
03146
03149
03150
03153
03155
03156
03157
03160
03161
03163
03164
03165
03166
03167
03168
03169
03171
03174
03175
03176
03177
03179
03181
03182
03183
03184
03185
03186
03187
03188
03189
03190
03191
03192
03193
03194
03196
03197
03198
03200
03201
03203
03204
03207
03208
03210
03211
03213
03214
03216
03218
03220
03222
03223
03224
03225
03227
03228
03229
03230
03231
03232
03233
03234
03235
03236
03237
03238
03239
03240
03241
03243
03244
03246
03247
03249
03250
03254
03256
03257
03258
03259
03260
03261
03262
03263
03264
03265
03267
03272
03273
03274
03276
03278
03279
03280
03281
03282
03283
03284
03285
03286
03287
03288
03291
03293
03294
03295
03296
03300
03301
03302
03306
03307
03308
03309
03310
03311
03313
03314
03316
03317
03318
03319
03320
03321
03322
03323
03324
03325
03326
03328
03332
03334
03335
03336
03339
03341
03342
03344
03348
03349
03350
03351
03355
03356
03357
03358
03359
03360
03361
03363
03364
03367
03368
03370
03371
03372
03374
03375
03377
03378
03380
03381
03382
03383
03384
03385
03387
03388
03389
03390
03392
03394
03395
03401
03402
03403
03405
03406
03407
03409
03410
03412
03413
03414
03415
03416
03417
03418
03420
03422
03424
03426
03429
03430
03432
03433
03434
03435
03436
03438
03439
03440
03441
03442
03443
03444
03445
03446
03448
03449
03451
03452
03453
03454
03455
03456
03457
03458
03459
03460
03461
03462
03463
03464
03465
03466
03467
03469
03470
03471
03472
03473
03474
03477
03478
03480
03482
03483
03484
03486
03487
03490
03491
03492
03493
03494
03495
03500
03504
03505
03506
03507
03508
03512
03513
03516
03517
03518
03519
03520
03521
03522
03525
03526
03528
03529
03531
03532
03533
03534
03535
03536
03539
03540
03542
03543
03544
03545
03547
03548
03549
03550
03551
03552
03553
03554
03555
03557
03558
03559
03561
03562
03563
03565
03567
03569
03570
03571
03573
03574
03575
03576
03577
03578
03579
03580
03582
03583
03584
03585
03587
03588
03589
03591
03592
03593
03595
03596
03597
03598
03599
03600
03601
03603
03604
03606
03608
03609
03610
03611
03612
03614
03615
03616
03618
03620
03621
03623
03624
03625
03626
03627
03628
03629
03631
03632
03633
03635
03636
03637
03638
03640
03645
03646
03647
03649
03651
03652
03653
03654
03655
03656
03657
03659
03661
03662
03664
03665
03666
03667
03669
03672
03673
03675
03676
03677
03678
03679
03680
03681
03682
03687
03689
03691
03692
03694
03695
03696
03697
03698
03700
03701
03702
03703
03704
03705
03706
03707
03708
03709
03710
03712
03713
03715
03716
03717
03719
03722
03723
03724
03725
03726
03727
03728
03730
03731
03732
03733
03734
03735
03737
03738
03739
03740
03741
03742
03743
03744
03745
03747
03748
03750
03753
03754
03757
03758
03759
03760
03761
03762
03765
03766
03767
03768
03769
03770
03772
03773
03774
03775
03776
03777
03779
03780
03781
03783
03784
03785
03786
03788
03789
03791
03792
03793
03794
03795
03796
03797
03798
03801
03802
03803
03804
03805
03806
03807
03808
03809
03810
03812
03817
03818
03819
03820
03822
03823
03826
03827
03828
03829
03830
03832
03833
03834
03836
03838
03841
03843
03844
03847
03848
03849
03851
03853
03854
03856
03857
03858
03859
03861
03862
03863
03864
03867
03870
03871
03872
03873
03874
03875
03876
03877
03878
03879
03880
03881
03882
03883
03884
03885
03886
03887
03888
03889
03890
03891
03892
03893
03894
03895
03896
03897
03898
03899
03900
03901
03902
03903
03904
03905
03906
03907
03908
03909
03911
03912
03913
03914
03916
03917
03918
03919
03920
03921
03922
03923
03924
03925
03926
03927
03928
03930
03931
03932
03933
03934
03937
03940
03942
03943
03944
03946
03947
03948
03949
03950
03951
03952
03953
03955
03957
03958
03959
03960
03961
03962
03963
03964
03965
03967
03968
03970
03971
03973
03974
03975
03976
03977
03978
03979
03980
03982
03983
03985
03987
03989
03990
03991
03992
03993
03994
03995
03996
03997
03998
03999
04000
04001
04002
04003
04004
04005
04006
04007
04008
04010
04011
04012
04013
04014
04015
04016
04017
04018
04019
04020
04021
04022
04023
04024
04025
04026
04027
04028
04029
04030
04031
04033
04034
04035
04036
04039
04040
04041
04043
04046
04048
04049
04050
04051
04054
04055
04056
04057
04058
04059
04060
04061
04062
04063
04064
04065
04066
04067
04068
04069
04070
04074
04075
04076
04078
04079
04080
04081
04082
04083
04084
04085
04086
04087
04088
04089
04090
04092
04093
04094
04095
04096
04097
04100
04103
04104
04105
04106
04107
04108
04109
04110
04111
04112
04113
04114
04115
04117
04118
04119
04120
04121
04122
04123
04124
04125
04126
04127
04128
04129
04130
04131
04135
04136
04137
04140
04141
04142
04144
04147
04148
04149
04152
04153
04154
04156
04157
04158
04160
04161
04165
04166
04167
04168
04169
04170
04171
04172
04173
04174
04175
04176
04178
04179
04180
04181
04182
04183
04184
04185
04186
04188
04189
04190
04191
04194
04197
04201
04202
04204
04205
04206
04208
04209
04210
04212
04213
04214
04215
04216
04217
04218
04219
04220
04221
04223
04224
04225
04226
04227
04228
04229
04230
04231
04232
04233
04235
04236
04237
04238
04239
04240
04241
04243
04244
04247
04248
04249
04250
04251
04252
04253
04254
04257
04259
04260
04263
04264
04265
04269
04270
04272
04273
04274
04275
04276
04277
04278
04279
04281
04282
04283
04284
04285
04287
04288
04289
04291
04292
04293
04294
04295
04296
04297
04299
04300
04301
04302
04303
04305
04306
04307
04309
04310
04311
04312
04315
04316
04317
04318
04319
04320
04321
04322
04323
04325
04326
04327
04329
04330
04331
04332
04333
04334
04335
04337
04338
04339
04341
04342
04343
04344
04345
04346
04348
04350
04351
04352
04353
04354
04355
04356
04358
04359
04360
04361
04362
04363
04365
04367
04368
04369
04371
04372
04373
04374
04375
04378
04379
04380
04381
04382
04383
04384
04385
04386
04387
04388
04389
04390
04392
04393
04394
04395
04396
04399
04400
04401
04402
04403
04405
04406
04407
04408
04409
04410
04411
04412
04413
04414
04415
04418
04419
04420
04422
04423
04424
04426
04428
04429
04431
04433
04434
04436
04437
04439
04440
04442
04445
04446
04448
04449
04450
04452
04454
04455
04456
04457
04459
04463
04464
04465
04466
04467
04468
04469
04470
04471
04472
04473
04474
04475
04476
04477
04478
04479
04480
04481
04482
04483
04485
04486
04487
04488
04489
04490
04491
04492
04493
04494
04495
04496
04497
04498
04500
04501
04502
04504
04505
04506
04507
04508
04511
04512
04513
04514
04515
04516
04517
04518
04519
04520
04521
04522
04523
04524
04525
04526
04528
04530
04531
04532
04536
04537
04538
04541
04542
04543
04545
04546
04547
04548
04549
04550
04551
04553
04554
04555
04556
04558
04559
04560
04561
04562
04564
04566
04567
04568
04569
04570
04571
04572
04573
04575
04576
04578
04579
04580
04581
04582
04584
04586
04587
04588
04589
04590
04591
04593
04594
04596
04598
04599
04600
04601
04603
04605
04606
04607
04608
04610
04611
04613
04614
04615
04616
04617
04619
04620
04621
04622
04624
04625
04626
04627
04628
04630
04631
04635
04636
04637
04638
04639
04642
04643
04644
04645
04646
04648
04649
04650
04652
04654
04655
04656
04657
04658
04659
04660
04661
04662
04663
04664
04665
04667
04668
04669
04670
04671
04672
04674
04675
04676
04680
04682
04683
04685
04686
04687
04688
04689
04690
04691
04692
04693
04694
04695
04698
04700
04701
04702
04703
04704
04706
04707
04709
04710
04711
04712
04713
04715
04716
04717
04718
04719
04720
04721
04723
04724
04725
04726
04729
04731
04733
04734
04735
04736
04737
04738
04739
04740
04741
04742
04743
04744
04745
04746
04747
04748
04749
04750
04751
04753
04754
04756
04757
04758
04759
04760
04762
04763
04764
04765
04766
04767
04768
04769
04772
04776
04777
04778
04779
04780
04781
04782
04783
04784
04785
04786
04787
04788
04789
04790
04794
04795
04796
04797
04798
04799
04800
04802
04803
04804
04805
04806
04807
04808
04810
04811
04813
04814
04815
04816
04817
04818
04819
04820
04821
04822
04824
04825
04826
04827
04828
04829
04830
04831
04832
04833
04834
04835
04836
04838
04839
04840
04841
04842
04843
04844
04845
04846
04847
04848
04849
04850
04851
04852
04853
04854
04855
04856
04857
04858
04859
04860
04861
04862
04863
04864
04867
04868
04869
04870
04871
04872
04873
04874
04875
04876
04877
04878
04879
04880
04882
04883
04886
04887
04890
04891
04892
04893
04894
04895
04896
04898
04899
04900
04901
04902
04904
04906
04907
04913
04914
04915
04918
04919
04920
04921
04922
04923
04924
04925
04927
04928
04929
04930
04932
04933
04934
04938
04939
04941
04942
04943
04944
04945
04946
04948
04949
04950
04952
04954
04955
04956
04958
04959
04960
04961
04962
04965
04966
04967
04969
04970
04971
04972
04973
04974
04975
04976
04977
04978
04979
04981
04982
04983
04984
04985
04986
04987
04988
04989
04990
04994
04995
04996
04997
04998
04999
05000
05001
05003
05004
05005
05006
05007
05008
05009
05010
05011
05012
05014
05016
05018
05019
05020
05022
05023
05024
05026
05027
05031
05032
05034
05035
05040
05041
05042
05045
05046
05048
05049
05050
05051
05052
05053
05056
05058
05061
05062
05063
05064
05066
05067
05068
05071
05072
05073
05074
05077
05078
05080
05081
05086
05088
05089
05090
05091
05092
05093
05094
05096
05097
05098
05099
05100
05101
05103
05104
05105
05106
05107
05108
05109
05112
05113
05114
05115
05117
05118
05119
05120
05121
05122
05123
05124
05127
05128
05129
05132
05133
05134
05136
05139
05142
05143
05145
05146
05147
05148
05149
05151
05153
05154
05155
05156
05157
05158
05159
05160
05161
05162
05163
05164
05165
05167
05168
05169
05170
05172
05173
05175
05176
05177
05178
05179
05180
05181
05182
05183
05185
05186
05187
05189
05190
05193
05194
05195
05196
05198
05199
05200
05201
05202
05203
05204
05205
05206
05208
05213
05214
05216
05217
05218
05219
05221
05222
05223
05224
05225
05226
05227
05228
05229
05230
05231
05234
05236
05237
05239
05240
05241
05243
05244
05245
05246
05248
05249
05252
05253
05254
05255
05256
05257
05258
05259
05260
05261
05263
05264
05266
05267
05270
05271
05272
05273
05275
05276
05277
05278
05279
05280
05281
05282
05283
05286
05288
05289
05291
05292
05293
05294
05295
05297
05298
05299
05300
05301
05303
05304
05305
05307
05308
05309
05311
05312
05313
05314
05315
05316
05317
05318
05320
05321
05322
05324
05326
05327
05331
05332
05333
05334
05335
05336
05338
05339
05343
05344
05345
05346
05347
05348
05350
05352
05353
05354
05355
05356
05357
05359
05360
05361
05363
05364
05365
05366
05367
05368
05369
05370
05371
05372
05373
05374
05375
05377
05378
05379
05380
05381
05382
05383
05384
05385
05387
05388
05389
05390
05393
05394
05397
05398
05399
05400
05401
05402
05403
05404
05406
05407
05408
05409
05410
05411
05412
05413
05414
05415
05417
05419
05420
05421
05422
05423
05424
05426
05428
05429
05430
05432
05434
05436
05437
05438
05441
05442
05443
05444
05445
05446
05447
05449
05450
05451
05453
05454
05455
05456
05458
05459
05460
05461
05462
05463
05464
05465
05466
05467
05468
05469
05470
05471
05473
05475
05476
05477
05478
05479
05480
05481
05482
05483
05485
05486
05487
05488
05489
05490
05491
05492
05493
05494
05495
05496
05497
05499
05501
05503
05504
05507
05510
05511
05512
05514
05515
05516
05517
05518
05521
05523
05524
05525
05526
05527
05528
05529
05530
05531
05532
05534
05536
05537
05538
05540
05541
05542
05543
05544
05545
05548
05549
05553
05554
05555
05556
05557
05558
05559
05560
05561
05562
05563
05564
05565
05567
05568
05570
05571
05572
05575
05576
05578
05579
05580
05581
05583
05584
05585
05587
05588
05589
05590
05591
05592
05593
05594
05595
05596
05597
05598
05600
05601
05602
05603
05604
05605
05606
05607
05608
05609
05611
05612
05613
05614
05616
05618
05619
05620
05622
05623
05624
05625
05628
05631
05632
05633
05637
05638
05639
05640
05641
05642
05647
05648
05650
05651
05652
05653
05655
05656
05658
05660
05661
05662
05663
05665
05666
05667
05668
05669
05670
05671
05672
05674
05676
05677
05679
05680
05681
05684
05687
05689
05690
05691
05694
05695
05697
05699
05701
05702
05703
05704
05705
05706
05707
05708
05709
05710
05711
05712
05713
05716
05718
05720
05721
05722
05723
05724
05725
05726
05727
05728
05729
05731
05732
05733
05734
05736
05737
05738
05739
05740
05741
05742
05745
05746
05747
05748
05749
05750
05751
05753
05754
05755
05756
05757
05758
05759
05760
05761
05762
05763
05765
05767
05768
05769
05770
05771
05772
05773
05777
05778
05779
05780
05782
05783
05784
05785
05786
05787
05788
05790
05791
05792
05794
05796
05797
05798
05799
05800
05801
05802
05803
05805
05806
05808
05812
05813
05814
05816
05817
05818
05819
05820
05822
05823
05825
05826
05827
05828
05830
05831
05832
05834
05835
05838
05839
05840
05841
05843
05847
05848
05849
05850
05852
05854
05857
05858
05859
05860
05861
05862
05864
05865
05866
05869
05870
05871
05872
05873
05875
05876
05879
05880
05881
05882
05884
05885
05886
05887
05888
05890
05892
05893
05894
05896
05897
05901
05903
05904
05905
05906
05907
05908
05909
05910
05912
05913
05914
05915
05916
05917
05918
05919
05920
05921
05922
05923
05927
05928
05930
05931
05933
05934
05936
05937
05938
05939
05940
05941
05942
05943
05944
05945
05946
05947
05948
05949
05950
05951
05954
05955
05957
05960
05961
05962
05963
05964
05967
05968
05969
05971
05974
05975
05977
05978
05980
05981
05983
05984
05985
05986
05987
05989
05990
05991
05992
05993
05994
05996
05997
05998
05999
06000
06002
06003
06005
06006
06008
06009
06010
06012
06013
06015
06017
06018
06021
06022
06023
06024
06026
06027
06029
06030
06032
06033
06036
06040
06041
06042
06043
06044
06045
06046
06047
06048
06049
06051
06052
06054
06056
06057
06058
06059
06060
06062
06063
06064
06065
06067
06068
06069
06070
06071
06072
06074
06075
06076
06077
06078
06079
06082
06083
06084
06086
06088
06091
06092
06094
06095
06096
06097
06098
06102
06103
06104
06105
06107
06109
06110
06111
06112
06114
06115
06116
06119
06120
06121
06122
06123
06124
06126
06127
06129
06132
06133
06136
06138
06139
06141
06143
06144
06145
06146
06149
06150
06151
06152
06153
06154
06155
06156
06158
06159
06160
06163
06166
06167
06169
06172
06173
06174
06175
06177
06178
06180
06182
06183
06185
06186
06187
06188
06190
06191
06192
06193
06194
06195
06196
06198
06199
06200
06202
06203
06206
06207
06208
06209
06210
06211
06213
06214
06215
06216
06217
06218
06220
06221
06222
06223
06224
06225
06228
06230
06231
06232
06233
06234
06236
06237
06238
06239
06241
06242
06243
06245
06247
06248
06249
06250
06251
06252
06253
06255
06257
06260
06261
06263
06264
06265
06266
06268
06269
06271
06274
06275
06276
06278
06280
06281
06282
06283
06287
06289
06290
06291
06292
06293
06297
06299
06301
06302
06305
06306
06307
06308
06309
06310
06311
06312
06314
06315
06316
06319
06320
06321
06322
06323
06324
06327
06328
06329
06330
06331
06332
06333
06334
06335
06336
06337
06339
06340
06341
06342
06343
06346
06347
06350
06351
06353
06354
06356
06357
06358
06360
06362
06363
06364
06365
06366
06367
06368
06369
06371
06372
06373
06377
06378
06379
06380
06383
06389
06390
06391
06392
06393
06395
06396
06397
06398
06399
06401
06403
06405
06407
06408
06409
06411
06412
06413
06414
06416
06417
06418
06422
06424
06425
06426
06427
06428
06429
06430
06431
06433
06437
06439
06440
06441
06442
06443
06444
06445
06446
06447
06448
06451
06452
06453
06454
06455
06457
06458
06460
06464
06466
06467
06468
06469
06472
06473
06474
06475
06479
06480
06481
06483
06484
06485
06486
06487
06488
06489
06491
06493
06494
06495
06496
06498
06499
06500
06502
06504
06507
06508
06509
06513
06514
06515
06517
06518
06520
06521
06522
06523
06524
06525
06526
06527
06531
06532
06534
06536
06537
06538
06539
06540
06541
06542
06543
06546
06547
06549
06550
06551
06552
06553
06554
06556
06557
06559
06560
06561
06562
06563
06565
06566
06569
06573
06574
06575
06576
06577
06578
06580
06581
06582
06583
06584
06585
06587
06588
06589
06590
06593
06594
06595
06596
06597
06598
06599
06600
06601
06602
06603
06604
06606
06608
06609
06610
06611
06613
06615
06616
06617
06619
06622
06623
06624
06626
06627
06628
06629
06630
06631
06633
06634
06635
06636
06637
06638
06639
06640
06641
06643
06644
06646
06647
06648
06649
06650
06651
06652
06653
06654
06655
06657
06658
06659
06660
06661
06663
06664
06665
06667
06668
06669
06671
06672
06673
06674
06675
06676
06677
06679
06680
06681
06684
06685
06686
06687
06688
06689
06690
06693
06694
06695
06697
06699
06700
06701
06702
06704
06705
06706
06707
06708
06709
06710
06711
06712
06713
06716
06718
06719
06721
06722
06724
06725
06727
06728
06729
06730
06731
06732
06733
06736
06737
06739
06740
06741
06742
06743
06744
06745
06746
06747
06748
06749
06750
06754
06755
06756
06757
06758
06759
06762
06763
06765
06766
06767
06768
06769
06770
06772
06774
06775
06779
06780
06781
06782
06783
06784
06785
06786
06787
06788
06790
06791
06792
06793
06795
06797
06799
06800
06801
06802
06805
06808
06809
06810
06811
06812
06813
06814
06815
06817
06819
06820
06821
06822
06823
06824
06825
06826
06827
06828
06829
06830
06834
06836
06837
06838
06839
06841
06843
06844
06845
06848
06849
06851
06852
06853
06854
06855
06856
06857
06858
06859
06861
06862
06863
06867
06868
06869
06870
06871
06872
06874
06875
06876
06877
06878
06879
06881
06882
06883
06885
06887
06888
06889
06890
06892
06894
06895
06896
06897
06898
06899
06900
06903
06904
06905
06906
06907
06908
06909
06910
06911
06912
06913
06914
06915
06916
06917
06918
06919
06920
06921
06922
06923
06924
06925
06926
06927
06928
06929
06930
06931
06932
06933
06936
06938
06939
06941
06942
06943
06944
06946
06947
06949
06954
06955
06956
06957
06958
06959
06960
06961
06962
06963
06964
06965
06966
06967
06969
06970
06971
06972
06973
06976
06977
06978
06979
06981
06983
06984
06985
06986
06987
06991
06992
06993
06994
06996
06997
06998
06999
07001
07002
07004
07005
07006
07007
07009
07010
07011
07012
07014
07015
07017
07019
07020
07022
07023
07024
07025
07026
07029
07031
07032
07034
07036
07037
07038
07039
07041
07042
07043
07045
07046
07049
07051
07053
07054
07055
07056
07057
07059
07061
07062
07063
07064
07066
07067
07068
07069
07070
07071
07072
07073
07074
07075
07076
07077
07078
07079
07080
07081
07084
07085
07086
07089
07091
07092
07093
07095
07096
07098
07099
07101
07103
07105
07106
07107
07108
07109
07110
07112
07114
07115
07116
07119
07120
07122
07123
07126
07128
07129
07131
07132
07133
07134
07135
07136
07137
07138
07140
07141
07143
07144
07146
07147
07148
07150
07152
07153
07155
07156
07157
07158
07159
07161
07163
07164
07165
07166
07169
07170
07171
07172
07173
07174
07175
07178
07179
07180
07181
07182
07183
07185
07186
07188
07189
07191
07192
07194
07195
07196
07197
07198
07199
07201
07202
07203
07208
07210
07213
07215
07216
07217
07218
07219
07221
07222
07223
07224
07225
07226
07227
07228
07229
07230
07232
07233
07234
07235
07236
07237
07238
07239
07241
07243
07244
07246
07247
07248
07250
07251
07252
07253
07254
07256
07258
07260
07261
07262
07263
07264
07265
07266
07267
07268
07270
07271
07272
07275
07276
07277
07278
07279
07280
07281
07282
07283
07285
07286
07287
07288
07289
07290
07292
07293
07294
07295
07297
07300
07302
07303
07305
07306
07307
07308
07309
07310
07313
07314
07315
07316
07317
07319
07320
07321
07323
07324
07325
07326
07327
07328
07329
07330
07331
07332
07335
07336
07337
07339
07340
07341
07342
07343
07345
07346
07347
07348
07349
07350
07351
07352
07353
07357
07359
07360
07361
07362
07363
07364
07366
07368
07369
07370
07371
07374
07376
07377
07378
07379
07380
07383
07385
07386
07387
07388
07389
07390
07391
07392
07393
07395
07396
07397
07398
07399
07400
07401
07403
07404
07405
07406
07409
07410
07411
07412
07413
07414
07415
07416
07417
07418
07419
07421
07422
07423
07424
07425
07426
07428
07429
07430
07431
07433
07436
07438
07439
07440
07441
07442
07443
07444
07445
07447
07448
07451
07454
07455
07456
07457
07459
07460
07461
07463
07464
07465
07466
07467
07468
07469
07471
07472
07473
07474
07475
07476
07477
07478
07479
07480
07481
07482
07483
07484
07485
07487
07488
07489
07490
07491
07492
07493
07496
07497
07498
07499
07500
07501
07502
07503
07504
07505
07506
07507
07508
07510
07511
07512
07513
07514
07515
07516
07517
07518
07519
07520
07522
07523
07524
07525
07526
07527
07528
07529
07530
07531
07534
07536
07537
07538
07540
07541
07542
07543
07544
07546
07548
07549
07550
07551
07553
07556
07557
07559
07560
07561
07562
07564
07565
07566
07567
07568
07569
07570
07571
07572
07573
07574
07577
07578
07579
07581
07582
07583
07584
07586
07587
07589
07590
07592
07594
07595
07596
07597
07598
07599
07600
07602
07603
07604
07605
07606
07607
07608
07609
07610
07612
07616
07619
07621
07622
07623
07624
07626
07627
07628
07629
07631
07633
07635
07636
07637
07638
07639
07640
07644
07645
07646
07648
07649
07651
07652
07653
07654
07656
07657
07658
07659
07660
07661
07663
07664
07665
07666
07667
07669
07670
07671
07672
07673
07675
07677
07678
07679
07680
07681
07682
07683
07684
07685
07686
07688
07690
07691
07693
07694
07695
07696
07698
07700
07701
07703
07704
07706
07707
07709
07710
07711
07712
07713
07714
07715
07716
07717
07718
07719
07720
07721
07722
07723
07724
07725
07726
07728
07729
07731
07733
07734
07735
07736
07737
07738
07739
07740
07741
07742
07743
07744
07746
07747
07748
07750
07751
07752
07754
07756
07757
07759
07760
07761
07762
07764
07765
07766
07767
07769
07770
07771
07772
07773
07774
07775
07776
07778
07779
07780
07781
07782
07783
07784
07786
07787
07788
07793
07794
07795
07796
07797
07799
07800
07801
07802
07804
07805
07806
07807
07808
07809
07810
07812
07813
07814
07817
07818
07819
07820
07821
07822
07823
07824
07825
07826
07827
07828
07829
07830
07831
07832
07835
07836
07837
07838
07839
07840
07841
07842
07843
07844
07845
07846
07847
07848
07849
07850
07851
07852
07853
07854
07855
07856
07857
07861
07862
07863
07866
07867
07871
07872
07873
07874
07875
07876
07877
07879
07880
07881
07882
07883
07884
07886
07887
07888
07889
07892
07893
07894
07895
07898
07900
07901
07902
07903
07904
07905
07906
07907
07908
07909
07910
07911
07912
07913
07914
07915
07916
07917
07918
07919
07920
07921
07923
07924
07925
07926
07928
07929
07931
07932
07934
07935
07936
07938
07939
07940
07943
07945
07946
07947
07948
07949
07950
07952
07954
07956
07957
07958
07960
07962
07964
07965
07966
07967
07968
07969
07971
07972
07973
07974
07976
07978
07979
07981
07982
07983
07984
07986
07987
07988
07989
07990
07993
07994
07995
07996
07997
07998
07999
08000
08001
08002
08003
08005
08006
08008
08009
08010
08011
08012
08013
08014
08015
08016
08019
08020
08021
08023
08024
08026
08027
08028
08030
08031
08032
08033
08034
08035
08036
08038
08039
08040
08042
08043
08044
08045
08046
08047
08048
08049
08050
08051
08052
08053
08054
08055
08056
08057
08061
08062
08066
08067
08069
08072
08073
08074
08075
08077
08079
08080
08081
08082
08086
08087
08088
08089
08091
08092
08093
08094
08095
08096
08097
08098
08099
08103
08104
08105
08106
08107
08108
08109
08110
08111
08112
08113
08114
08116
08118
08120
08121
08122
08123
08124
08125
08129
08131
08132
08133
08135
08137
08138
08140
08141
08142
08143
08144
08146
08147
08148
08149
08150
08153
08155
08158
08159
08160
08161
08162
08163
08164
08165
08166
08168
08169
08170
08171
08172
08174
08175
08176
08177
08179
08182
08183
08184
08185
08187
08188
08189
08190
08191
08192
08193
08194
08195
08198
08200
08203
08204
08205
08206
08207
08208
08209
08210
08211
08212
08213
08214
08215
08216
08217
08218
08219
08220
08221
08222
08223
08224
08225
08226
08227
08228
08232
08234
08235
08237
08238
08239
08242
08243
08244
08246
08247
08248
08249
08250
08251
08252
08253
08254
08255
08256
08257
08258
08259
08260
08264
08266
08267
08269
08270
08272
08273
08274
08276
08277
08278
08279
08280
08283
08284
08285
08286
08287
08290
08291
08292
08294
08295
08296
08297
08298
08300
08301
08302
08303
08304
08305
08306
08307
08308
08309
08310
08311
08312
08314
08315
08317
08318
08320
08323
08324
08325
08326
08327
08328
08329
08330
08331
08334
08335
08338
08341
08342
08346
08348
08349
08350
08351
08352
08353
08354
08355
08356
08357
08358
08359
08360
08361
08362
08363
08364
08367
08368
08369
08370
08371
08373
08375
08376
08377
08378
08380
08381
08382
08384
08385
08386
08387
08388
08390
08391
08392
08393
08394
08396
08398
08399
08400
08401
08402
08404
08405
08406
08407
08408
08409
08411
08412
08413
08415
08416
08419
08424
08425
08426
08427
08428
08430
08433
08434
08435
08436
08437
08438
08439
08440
08441
08442
08443
08445
08448
08451
08452
08453
08454
08456
08457
08458
08459
08461
08463
08464
08466
08467
08468
08469
08471
08473
08474
08475
08477
08478
08479
08480
08481
08482
08483
08485
08488
08489
08490
08491
08492
08494
08495
08496
08497
08498
08499
08500
08501
08502
08503
08505
08506
08507
08508
08509
08511
08512
08513
08514
08516
08518
08519
08520
08521
08522
08524
08525
08526
08528
08529
08530
08531
08532
08533
08534
08536
08537
08538
08539
08540
08542
08543
08544
08545
08546
08548
08549
08550
08551
08552
08553
08554
08555
08556
08557
08559
08560
08561
08563
08564
08567
08568
08569
08570
08572
08573
08575
08577
08578
08579
08580
08581
08583
08585
08587
08588
08590
08591
08594
08595
08596
08597
08598
08599
08602
08603
08604
08605
08606
08607
08608
08609
08610
08611
08612
08613
08614
08615
08616
08619
08620
08621
08622
08623
08624
08625
08626
08627
08628
08629
08631
08632
08633
08635
08636
08637
08638
08639
08640
08641
08643
08644
08645
08646
08647
08648
08649
08650
08651
08652
08653
08654
08657
08659
08660
08661
08662
08664
08665
08666
08668
08669
08670
08673
08675
08677
08678
08679
08682
08683
08684
08687
08688
08689
08690
08691
08693
08694
08695
08696
08697
08698
08699
08701
08702
08703
08704
08705
08706
08710
08711
08712
08714
08715
08717
08718
08720
08721
08724
08726
08727
08728
08729
08730
08732
08733
08735
08737
08738
08739
08740
08741
08742
08743
08745
08746
08747
08748
08750
08751
08754
08756
08758
08759
08763
08764
08765
08766
08767
08768
08769
08771
08773
08774
08775
08776
08777
08778
08779
08780
08781
08782
08783
08784
08785
08786
08787
08791
08792
08793
08795
08799
08800
08801
08803
08805
08806
08808
08809
08812
08813
08814
08815
08816
08817
08818
08819
08820
08821
08823
08824
08825
08827
08828
08829
08832
08833
08834
08836
08837
08839
08840
08842
08843
08844
08845
08846
08848
08850
08851
08852
08853
08854
08855
08856
08857
08858
08859
08861
08862
08863
08864
08866
08867
08868
08869
08870
08871
08875
08876
08878
08880
08881
08882
08883
08884
08886
08888
08889
08892
08893
08894
08895
08896
08898
08899
08902
08903
08904
08905
08906
08907
08908
08909
08910
08913
08915
08916
08917
08918
08920
08921
08922
08923
08926
08927
08928
08929
08930
08931
08932
08933
08935
08937
08938
08939
08940
08941
08942
08943
08944
08945
08946
08947
08950
08951
08952
08953
08954
08955
08958
08959
08961
08963
08964
08965
08966
08967
08968
08971
08972
08973
08974
08975
08976
08977
08978
08980
08981
08982
08983
08985
08987
08988
08989
08990
08991
08994
08995
09000
09002
09003
09004
09006
09007
09009
09010
09011
09012
09013
09014
09016
09017
09019
09020
09021
09023
09027
09029
09030
09031
09032
09033
09034
09035
09036
09037
09038
09041
09042
09043
09044
09045
09047
09049
09050
09051
09052
09053
09054
09059
09061
09062
09063
09064
09065
09066
09068
09069
09071
09072
09074
09075
09076
09078
09079
09081
09082
09083
09084
09085
09086
09087
09088
09089
09090
09091
09092
09093
09094
09095
09097
09099
09100
09101
09102
09103
09104
09105
09109
09110
09111
09112
09114
09115
09117
09121
09122
09123
09124
09125
09126
09127
09128
09129
09132
09133
09134
09136
09137
09138
09139
09140
09141
09143
09145
09147
09150
09151
09152
09153
09154
09155
09157
09158
09159
09160
09161
09163
09164
09165
09166
09167
09168
09170
09171
09172
09174
09175
09176
09177
09178
09179
09180
09181
09183
09184
09188
09189
09190
09191
09193
09194
09196
09197
09198
09199
09201
09202
09204
09206
09207
09208
09210
09211
09212
09213
09214
09215
09216
09217
09218
09219
09220
09221
09222
09223
09224
09225
09226
09227
09228
09230
09231
09232
09233
09234
09235
09236
09237
09238
09240
09241
09243
09244
09245
09247
09248
09249
09250
09251
09253
09254
09255
09256
09257
09258
09259
09260
09261
09262
09264
09265
09267
09268
09269
09272
09273
09274
09275
09276
09277
09278
09279
09281
09282
09284
09286
09287
09288
09289
09291
09292
09293
09294
09295
09297
09298
09299
09300
09301
09302
09303
09306
09309
09310
09312
09313
09314
09316
09317
09318
09319
09320
09321
09323
09324
09325
09326
09327
09328
09329
09330
09333
09334
09336
09337
09338
09339
09341
09342
09343
09344
09345
09346
09348
09349
09351
09352
09354
09356
09357
09358
09359
09360
09361
09362
09365
09366
09368
09370
09371
09372
09373
09374
09375
09376
09377
09379
09381
09382
09383
09386
09387
09388
09389
09390
09391
09392
09393
09394
09395
09396
09397
09398
09399
09400
09401
09402
09405
09407
09410
09411
09412
09413
09416
09417
09418
09419
09420
09421
09423
09424
09425
09427
09428
09429
09430
09431
09435
09436
09437
09438
09440
09442
09443
09444
09446
09448
09449
09450
09451
09452
09453
09454
09455
09456
09457
09459
09460
09461
09463
09466
09467
09468
09470
09471
09472
09473
09475
09478
09479
09481
09482
09483
09484
09485
09488
09489
09490
09491
09492
09495
09496
09498
09499
09501
09502
09503
09504
09505
09506
09507
09508
09509
09510
09511
09512
09513
09514
09515
09517
09518
09519
09520
09521
09522
09523
09524
09525
09527
09528
09529
09530
09533
09534
09535
09536
09537
09538
09539
09541
09542
09544
09546
09547
09548
09549
09550
09552
09554
09555
09556
09557
09558
09561
09563
09565
09566
09568
09569
09570
09571
09574
09575
09576
09577
09578
09579
09580
09582
09584
09585
09586
09589
09590
09591
09592
09593
09595
09597
09598
09599
09600
09602
09603
09605
09606
09607
09610
09612
09614
09615
09616
09617
09619
09620
09621
09622
09625
09626
09628
09630
09631
09633
09635
09636
09638
09639
09640
09641
09642
09643
09644
09646
09647
09648
09649
09650
09652
09653
09654
09657
09658
09659
09663
09664
09665
09667
09668
09670
09671
09672
09673
09674
09676
09677
09679
09680
09681
09682
09683
09684
09685
09686
09687
09688
09689
09690
09691
09692
09693
09695
09697
09698
09700
09704
09705
09706
09707
09709
09710
09713
09715
09716
09717
09719
09720
09721
09722
09723
09724
09725
09727
09728
09729
09730
09732
09734
09735
09736
09738
09739
09741
09742
09744
09746
09747
09748
09749
09751
09753
09754
09755
09757
09760
09762
09763
09764
09765
09769
09770
09771
09772
09774
09776
09777
09778
09779
09780
09782
09783
09786
09787
09789
09790
09794
09796
09797
09799
09802
09803
09804
09805
09806
09808
09810
09811
09812
09816
09817
09819
09820
09821
09822
09824
09825
09826
09827
09830
09831
09832
09833
09834
09835
09836
09837
09838
09840
09841
09842
09843
09844
09845
09846
09848
09849
09850
09851
09853
09854
09855
09856
09857
09858
09859
09861
09862
09864
09865
09866
09867
09868
09869
09872
09873
09874
09875
09878
09879
09880
09881
09883
09884
09885
09886
09887
09889
09890
09891
09892
09893
09895
09896
09897
09898
09900
09902
09903
09904
09905
09906
09908
09909
09910
09912
09913
09914
09915
09916
09917
09918
09919
09920
09922
09926
09927
09928
09929
09931
09932
09933
09934
09935
09936
09937
09938
09939
09940
09941
09942
09944
09945
09946
09948
09953
09954
09956
09958
09959
09960
09961
09962
09963
09965
09967
09968
09969
09970
09971
09972
09973
09974
09975
09977
09978
09979
09980
09981
09982
09983
09984
09985
09986
09987
09990
09991
09992
09993
09994
09995
09997
09998
09999
10000
10002
10003
10004
10005
10007
10008
10011
10013
10014
10015
10016
10018
10019
10020
10021
10022
10023
10024
10026
10027
10028
10029
10030
10031
10033
10035
10036
10038
10039
10040
10041
10042
10043
10044
10045
10046
10047
10048
10049
10051
10052
10053
10055
10057
10059
10060
10062
10063
10068
10069
10071
10072
10073
10074
10075
10077
10078
10079
10081
10082
10083
10086
10089
10092
10093
10094
10095
10096
10097
10099
10100
10101
10102
10104
10105
10106
10107
10108
10109
10111
10112
10113
10114
10115
10116
10117
10118
10119
10121
10122
10124
10125
10126
10127
10129
10130
10131
10134
10136
10137
10138
10139
10140
10142
10143
10144
10145
10146
10147
10148
10150
10151
10152
10154
10155
10156
10158
10160
10161
10162
10164
10165
10166
10167
10168
10169
10170
10171
10173
10174
10175
10176
10177
10178
10179
10180
10181
10182
10183
10184
10185
10186
10187
10189
10191
10192
10193
10194
10198
10199
10200
10201
10202
10203
10204
10205
10206
10207
10208
10209
10211
10212
10213
10214
10215
10216
10220
10221
10222
10224
10226
10227
10229
10230
10231
10235
10236
10237
10238
10239
10240
10241
10242
10244
10245
10246
10247
10248
10249
10250
10251
10253
10254
10255
10256
10257
10259
10261
10262
10264
10266
10267
10268
10269
10270
10271
10273
10277
10278
10279
10280
10281
10283
10284
10285
10287
10289
10290
10291
10292
10294
10295
10298
10299
10300
10301
10302
10303
10304
10305
10306
10307
10308
10310
10311
10312
10313
10315
10316
10317
10318
10319
10320
10322
10323
10324
10325
10326
10327
10328
10329
10330
10331
10332
10333
10334
10337
10338
10339
10340
10341
10343
10344
10346
10347
10348
10350
10351
10352
10355
10356
10357
10358
10359
10361
10362
10363
10364
10365
10366
10367
10368
10369
10370
10371
10372
10373
10375
10376
10377
10378
10379
10380
10382
10383
10384
10386
10387
10389
10391
10392
10393
10394
10396
10398
10399
10400
10401
10403
10404
10407
10408
10409
10412
10413
10414
10415
10416
10417
10419
10423
10424
10425
10426
10427
10430
10431
10432
10434
10435
10438
10439
10442
10444
10445
10448
10450
10451
10453
10456
10457
10459
10460
10461
10462
10464
10465
10468
10469
10471
10472
10474
10475
10476
10477
10479
10480
10482
10483
10484
10485
10486
10487
10488
10489
10491
10492
10494
10495
10496
10497
10498
10499
10500
10503
10504
10506
10507
10509
10511
10513
10514
10515
10516
10517
10518
10519
10521
10524
10527
10528
10529
10530
10531
10532
10534
10536
10537
10538
10539
10540
10542
10543
10545
10546
10547
10548
10549
10551
10552
10553
10554
10555
10557
10559
10561
10562
10566
10568
10569
10570
10571
10572
10573
10574
10575
10578
10579
10580
10581
10582
10583
10585
10587
10588
10589
10590
10592
10593
10594
10596
10597
10599
10600
10601
10602
10603
10604
10605
10606
10607
10609
10610
10611
10612
10613
10614
10615
10616
10618
10620
10621
10622
10625
10628
10629
10630
10631
10632
10634
10635
10636
10638
10640
10641
10642
10644
10645
10647
10648
10650
10651
10653
10656
10657
10658
10660
10661
10662
10663
10664
10665
10667
10668
10670
10671
10672
10673
10674
10675
10676
10677
10679
10680
10681
10682
10683
10684
10685
10687
10688
10690
10691
10692
10693
10694
10695
10697
10698
10699
10700
10701
10702
10704
10705
10706
10707
10709
10710
10712
10714
10715
10716
10717
10718
10719
10720
10721
10722
10723
10724
10726
10727
10729
10730
10731
10733
10734
10736
10737
10738
10740
10742
10743
10744
10745
10747
10748
10749
10750
10754
10756
10757
10758
10760
10761
10762
10764
10765
10766
10768
10769
10770
10771
10772
10773
10774
10775
10776
10777
10778
10779
10780
10781
10782
10784
10785
10786
10788
10789
10790
10791
10792
10793
10794
10795
10796
10797
10798
10799
10802
10803
10804
10806
10807
10808
10810
10812
10813
10815
10816
10817
10819
10820
10821
10822
10823
10824
10825
10826
10828
10829
10830
10831
10832
10833
10834
10836
10837
10838
10839
10843
10845
10846
10847
10848
10849
10850
10851
10852
10853
10854
10855
10856
10857
10858
10861
10862
10863
10864
10865
10866
10867
10871
10872
10873
10874
10875
10877
10878
10879
10881
10882
10883
10884
10885
10886
10889
10891
10892
10893
10895
10896
10897
10899
10900
10901
10903
10907
10908
10910
10911
10912
10913
10914
10915
10916
10917
10918
10919
10920
10922
10923
10924
10926
10928
10929
10930
10931
10932
10934
10935
10936
10939
10940
10941
10942
10943
10944
10945
10946
10947
10948
10949
10951
10952
10953
10955
10956
10957
10958
10959
10960
10961
10962
10964
10965
10967
10968
10971
10972
10973
10974
10975
10976
10977
10978
10979
10981
10982
10983
10985
10986
10988
10989
10991
10993
10994
10997
10999
11002
11003
11004
11005
11006
11007
11008
11009
11010
11012
11013
11015
11016
11017
11018
11019
11020
11021
11022
11023
11024
11025
11026
11027
11028
11029
11031
11033
11034
11035
11036
11037
11038
11039
11040
11041
11043
11044
11045
11046
11047
11050
11051
11053
11054
11055
11056
11057
11058
11060
11062
11063
11064
11065
11066
11068
11069
11070
11071
11072
11073
11074
11075
11077
11078
11079
11081
11082
11083
11084
11086
11087
11088
11089
11090
11091
11092
11093
11094
11096
11097
11100
11101
11102
11104
11105
11106
11107
11109
11112
11113
11114
11117
11118
11119
11121
11123
11124
11125
11126
11127
11130
11131
11134
11135
11136
11137
11139
11140
11142
11143
11144
11145
11146
11148
11150
11152
11154
11156
11157
11158
11159
11160
11162
11166
11167
11168
11169
11170
11171
11173
11174
11175
11177
11178
11179
11180
11181
11182
11183
11184
11185
11186
11188
11189
11190
11192
11193
11195
11196
11197
11198
11199
11200
11201
11202
11205
11207
11208
11210
11211
11212
11214
11216
11217
11218
11219
11220
11221
11224
11226
11227
11228
11229
11230
11233
11235
11237
11240
11241
11243
11245
11246
11248
11250
11251
11252
11253
11254
11255
11256
11257
11258
11259
11260
11261
11264
11265
11269
11270
11271
11272
11273
11275
11277
11278
11279
11280
11281
11282
11283
11285
11288
11289
11290
11293
11294
11295
11296
11297
11298
11299
11300
11301
11303
11305
11306
11307
11308
11309
11310
11311
11312
11313
11315
11316
11317
11319
11320
11322
11323
11324
11325
11326
11327
11329
11330
11332
11336
11337
11338
11339
11340
11341
11342
11343
11344
11345
11346
11347
11348
11349
11350
11351
11352
11353
11354
11355
11356
11357
11358
11359
11360
11361
11362
11363
11364
11365
11366
11368
11369
11370
11371
11372
11373
11374
11375
11376
11377
11378
11380
11382
11383
11385
11387
11388
11389
11391
11392
11393
11394
11395
11396
11397
11398
11399
11400
11401
11402
11403
11404
11405
11407
11408
11409
11410
11411
11412
11414
11415
11416
11417
11418
11421
11423
11424
11425
11426
11429
11430
11431
11432
11433
11434
11436
11437
11438
11439
11440
11441
11442
11444
11446
11448
11449
11450
11451
11452
11454
11457
11458
11459
11460
11461
11462
11463
11464
11466
11467
11472
11473
11476
11477
11478
11479
11481
11482
11483
11484
11485
11486
11487
11488
11490
11491
11492
11493
11494
11496
11497
11500
11503
11504
11505
11506
11507
11509
11510
11513
11514
11515
11516
11517
11518
11519
11521
11522
11523
11524
11525
11526
11529
11530
11531
11533
11534
11538
11539
11540
11541
11543
11544
11545
11548
11549
11550
11551
11553
11554
11555
11556
11557
11558
11559
11560
11561
11562
11564
11565
11566
11567
11569
11570
11572
11574
11575
11577
11578
11579
11581
11583
11584
11585
11586
11587
11588
11590
11591
11593
11594
11595
11596
11598
11599
11600
11601
11602
11603
11604
11605
11606
11607
11609
11611
11612
11613
11614
11616
11617
11618
11619
11620
11621
11622
11623
11624
11625
11626
11628
11629
11630
11631
11632
11633
11636
11638
11639
11640
11642
11643
11644
11645
11646
11647
11648
11650
11651
11655
11656
11657
11658
11661
11662
11663
11664
11665
11666
11668
11669
11670
11672
11673
11675
11676
11677
11678
11679
11681
11683
11684
11686
11687
11690
11692
11695
11696
11697
11698
11699
11700
11702
11703
11704
11705
11706
11707
11708
11709
11711
11712
11713
11714
11715
11717
11719
11720
11721
11723
11726
11727
11728
11729
11730
11731
11735
11739
11741
11743
11744
11745
11746
11748
11749
11751
11753
11754
11755
11756
11757
11759
11761
11762
11763
11765
11766
11769
11770
11773
11775
11776
11777
11778
11779
11781
11782
11784
11785
11786
11787
11791
11792
11795
11796
11799
11801
11803
11804
11805
11806
11807
11809
11810
11811
11814
11815
11816
11817
11818
11819
11821
11822
11823
11824
11825
11827
11828
11829
11831
11833
11834
11835
11836
11837
11840
11841
11843
11846
11848
11849
11850
11853
11854
11855
11856
11858
11860
11863
11864
11866
11869
11870
11871
11872
11874
11876
11878
11880
11881
11884
11887
11888
11891
11893
11895
11896
11898
11899
11900
11901
11902
11903
11904
11906
11908
11910
11912
11913
11914
11915
11917
11920
11922
11923
11924
11925
11926
11928
11929
11930
11931
11932
11933
11934
11935
11936
11938
11939
11940
11944
11945
11946
11947
11949
11951
11953
11954
11955
11956
11957
11958
11960
11963
11964
11966
11967
11968
11970
11971
11972
11973
11974
11976
11977
11978
11979
11980
11981
11982
11983
11986
11987
11989
11990
11991
11994
11995
11996
11997
11998
11999
12000
12001
12002
12003
12004
12005
12006
12007
12009
12010
12015
12016
12017
12018
12019
12021
12022
12023
12026
12027
12028
12029
12030
12031
12032
12034
12037
12038
12041
12042
12044
12045
12046
12047
12048
12049
12051
12052
12054
12055
12057
12058
12061
12062
12063
12065
12066
12067
12068
12069
12070
12071
12072
12073
12074
12075
12076
12078
12079
12080
12081
12082
12083
12084
12085
12086
12088
12092
12093
12094
12095
12097
12098
12099
12100
12102
12104
12105
12106
12108
12109
12110
12111
12112
12113
12114
12115
12116
12117
12121
12122
12123
12124
12125
12126
12128
12129
12130
12131
12132
12133
12134
12135
12136
12138
12139
12140
12141
12143
12144
12145
12146
12147
12148
12149
12150
12152
12154
12156
12157
12159
12160
12161
12162
12164
12165
12166
12167
12169
12170
12171
12172
12173
12174
12176
12177
12178
12179
12180
12181
12182
12183
12186
12187
12188
12191
12192
12193
12194
12196
12198
12199
12200
12201
12202
12204
12205
12206
12208
12209
12211
12212
12213
12214
12215
12216
12217
12218
12219
12220
12223
12225
12226
12228
12229
12231
12232
12234
12235
12237
12238
12239
12240
12241
12243
12244
12245
12246
12247
12248
12250
12251
12252
12253
12254
12255
12256
12257
12258
12259
12260
12261
12262
12263
12265
12266
12267
12268
12269
12270
12271
12272
12273
12274
12275
12277
12278
12279
12281
12282
12283
12284
12285
12286
12287
12290
12291
12292
12294
12296
12297
12298
12299
12301
12302
12303
12306
12308
12309
12310
12311
12312
12313
12316
12317
12319
12320
12321
12322
12323
12324
12325
12326
12328
12329
12331
12332
12335
12336
12337
12338
12339
12340
12341
12342
12343
12344
12346
12348
12349
12350
12351
12352
12353
12355
12356
12357
12361
12362
12363
12364
12366
12367
12368
12369
12370
12371
12372
12374
12375
12376
12379
12380
12382
12383
12384
12385
12386
12387
12389
12391
12394
12395
12396
12398
12400
12401
12402
12404
12405
12407
12408
12410
12411
12412
12413
12416
12417
12419
12421
12422
12423
12424
12425
12427
12428
12429
12430
12431
12432
12433
12434
12435
12437
12438
12439
12440
12441
12442
12444
12445
12449
12450
12453
12454
12455
12456
12457
12458
12459
12460
12461
12462
12466
12467
12468
12469
12472
12473
12474
12475
12476
12477
12478
12479
12480
12481
12482
12483
12484
12485
12487
12488
12489
12490
12491
12493
12494
12495
12498
12500
12501
12502
12503
12504
12505
12508
12509
12513
12514
12515
12516
12518
12519
12521
12522
12524
12525
12526
12528
12529
12530
12531
12532
12534
12535
12536
12537
12538
12539
12541
12542
12543
12544
12545
12546
12548
12549
12550
12551
12552
12555
12560
12561
12562
12563
12565
12566
12567
12568
12569
12570
12571
12572
12573
12574
12575
12576
12577
12578
12579
12581
12582
12583
12584
12585
12586
12587
12588
12589
12590
12591
12592
12593
12595
12596
12597
12599
12600
12602
12603
12604
12605
12607
12608
12609
12610
12611
12612
12614
12618
12620
12621
12622
12623
12625
12626
12627
12628
12630
12631
12632
12635
12636
12637
12638
12640
12643
12646
12647
12648
12649
12650
12651
12653
12654
12655
12657
12658
12659
12662
12664
12665
12666
12667
12668
12669
12671
12672
12673
12675
12676
12677
12678
12680
12682
12683
12684
12685
12687
12690
12691
12692
12693
12695
12697
12700
12701
12702
12703
12704
12705
12706
12707
12708
12709
12710
12711
12712
12716
12717
12718
12720
12722
12723
12724
12725
12727
12728
12729
12730
12732
12735
12737
12739
12740
12741
12742
12743
12744
12745
12746
12747
12748
12749
12750
12751
12752
12755
12756
12759
12760
12761
12762
12763
12764
12765
12766
12767
12768
12769
12770
12772
12774
12775
12776
12778
12779
12780
12781
12784
12787
12788
12789
12790
12791
12792
12793
12794
12795
12796
12797
12799
12800
12801
12802
12804
12805
12808
12809
12810
12811
12812
12817
12819
12820
12821
12822
12823
12825
12826
12827
12828
12829
12832
12834
12835
12836
12839
12840
12841
12842
12844
12845
12846
12847
12848
12849
12851
12852
12853
12854
12855
12856
12857
12858
12859
12860
12861
12862
12863
12864
12865
12867
12868
12869
12870
12872
12873
12874
12875
12876
12877
12878
12879
12880
12881
12882
12883
12884
12885
12886
12887
12888
12890
12891
12892
12893
12894
12895
12897
12898
12899
12900
12901
12903
12907
12908
12909
12910
12912
12913
12914
12917
12918
12919
12921
12922
12924
12925
12926
12927
12928
12930
12931
12932
12934
12938
12939
12940
12941
12942
12943
12944
12945
12946
12947
12949
12950
12951
12953
12954
12957
12958
12960
12961
12962
12963
12964
12965
12966
12967
12968
12969
12970
12971
12974
12975
12978
12979
12980
12981
12982
12984
12985
12986
12988
12989
12990
12991
12992
12993
12996
12997
12999
13000
13003
13004
13005
13006
13007
13008
13009
13010
13012
13013
13014
13015
13017
13021
13022
13025
13026
13027
13028
13029
13030
13031
13032
13036
13038
13039
13040
13041
13042
13043
13044
13045
13046
13047
13048
13050
13051
13052
13053
13055
13056
13058
13059
13060
13062
13063
13064
13067
13068
13069
13070
13071
13072
13073
13074
13075
13076
13077
13078
13079
13081
13082
13084
13086
13087
13088
13090
13091
13093
13094
13095
13097
13098
13099
13100
13102
13103
13104
13105
13107
13108
13110
13111
13112
13114
13115
13116
13117
13118
13119
13120
13121
13122
13123
13124
13125
13126
13128
13130
13131
13132
13134
13135
13136
13137
13138
13139
13141
13142
13145
13146
13147
13148
13149
13150
13152
13153
13155
13157
13158
13159
13160
13163
13164
13165
13168
13170
13171
13172
13173
13174
13175
13177
13178
13179
13181
13182
13183
13184
13185
13186
13188
13189
13190
13191
13192
13193
13194
13195
13196
13198
13199
13200
13201
13203
13204
13205
13206
13208
13210
13211
13213
13214
13215
13216
13219
13222
13224
13227
13228
13229
13230
13231
13233
13234
13235
13236
13237
13239
13241
13244
13245
13246
13247
13250
13251
13252
13253
13255
13256
13257
13258
13259
13260
13262
13263
13264
13266
13267
13268
13270
13271
13272
13273
13274
13276
13277
13278
13279
13280
13281
13282
13283
13284
13285
13286
13289
13290
13292
13294
13295
13296
13298
13299
13300
13301
13302
13303
13304
13305
13306
13307
13308
13311
13312
13313
13314
13315
13316
13317
13318
13319
13320
13322
13323
13324
13325
13327
13328
13329
13330
13331
13332
13333
13334
13335
13336
13337
13338
13339
13340
13341
13343
13344
13346
13347
13348
13350
13351
13353
13354
13357
13358
13360
13362
13363
13364
13365
13368
13369
13370
13371
13372
13373
13376
13377
13378
13380
13382
13383
13384
13385
13387
13389
13390
13391
13392
13393
13394
13396
13397
13398
13399
13401
13402
13403
13404
13405
13407
13408
13409
13410
13411
13413
13416
13419
13420
13423
13426
13429
13430
13431
13432
13433
13434
13435
13436
13437
13438
13439
13440
13442
13444
13445
13446
13447
13448
13449
13450
13451
13452
13454
13455
13457
13458
13459
13460
13461
13463
13464
13466
13467
13468
13469
13470
13471
13472
13473
13474
13475
13476
13477
13482
13483
13484
13485
13486
13487
13488
13489
13490
13491
13493
13496
13497
13498
13500
13502
13504
13506
13508
13509
13510
13512
13513
13517
13518
13519
13520
13522
13523
13524
13525
13526
13527
13528
13529
13531
13532
13533
13534
13535
13536
13537
13540
13541
13542
13543
13544
13545
13546
13547
13548
13549
13550
13552
13556
13557
13558
13559
13562
13563
13564
13566
13569
13570
13572
13573
13574
13576
13579
13580
13581
13582
13584
13585
13587
13589
13590
13591
13592
13594
13597
13598
13599
13600
13601
13602
13603
13605
13606
13607
13608
13609
13610
13611
13613
13615
13616
13618
13620
13622
13623
13625
13626
13627
13630
13631
13632
13633
13635
13636
13638
13639
13640
13641
13642
13643
13644
13647
13649
13650
13651
13653
13654
13655
13657
13658
13659
13660
13661
13662
13663
13664
13665
13666
13667
13669
13670
13671
13672
13673
13674
13675
13676
13677
13678
13679
13680
13681
13682
13683
13684
13686
13687
13689
13690
13692
13693
13695
13697
13699
13702
13705
13706
13707
13708
13709
13710
13711
13712
13713
13714
13715
13716
13718
13720
13721
13722
13723
13724
13727
13728
13730
13734
13735
13736
13738
13739
13740
13743
13746
13747
13748
13749
13750
13751
13752
13754
13755
13756
13757
13758
13759
13760
13762
13763
13764
13765
13766
13767
13769
13771
13772
13773
13774
13775
13776
13778
13779
13780
13782
13783
13784
13786
13787
13788
13789
13790
13791
13792
13795
13796
13797
13798
13800
13801
13802
13803
13805
13806
13807
13808
13811
13812
13813
13814
13818
13819
13820
13822
13823
13824
13825
13826
13827
13828
13829
13830
13831
13832
13833
13834
13835
13836
13837
13838
13839
13841
13844
13845
13846
13847
13848
13849
13850
13851
13852
13853
13854
13855
13856
13857
13858
13859
13860
13862
13863
13865
13866
13868
13869
13871
13873
13874
13875
13877
13878
13879
13880
13881
13882
13883
13885
13888
13890
13892
13893
13894
13895
13896
13897
13898
13899
13903
13904
13905
13908
13911
13912
13913
13914
13915
13916
13917
13918
13920
13923
13924
13925
13926
13927
13928
13929
13932
13933
13935
13937
13938
13939
13940
13941
13942
13943
13944
13945
13946
13947
13948
13949
13951
13952
13953
13954
13955
13956
13957
13959
13960
13962
13963
13964
13965
13966
13967
13969
13970
13971
13972
13973
13977
13979
13980
13981
13982
13984
13988
13989
13990
13991
13992
13994
13996
13997
13999
14000
14001
14002
14003
14004
14007
14008
14009
14010
14012
14013
14014
14015
14016
14017
14018
14019
14020
14023
14024
14026
14027
14028
14029
14030
14031
14032
14033
14034
14035
14036
14037
14038
14039
14040
14042
14043
14044
14045
14046
14047
14048
14049
14051
14053
14055
14056
14057
14058
14060
14061
14063
14064
14065
14066
14067
14068
14069
14070
14071
14072
14073
14074
14075
14076
14077
14080
14081
14082
14083
14084
14085
14088
14089
14091
14092
14093
14094
14095
14096
14097
14098
14099
14100
14102
14104
14105
14106
14107
14109
14110
14111
14113
14114
14115
14116
14117
14118
14120
14121
14122
14126
14127
14128
14130
14132
14133
14134
14135
14138
14139
14140
14142
14143
14145
14146
14147
14150
14152
14154
14155
14156
14157
14158
14160
14161
14162
14163
14164
14166
14167
14168
14169
14172
14173
14174
14175
14176
14177
14178
14182
14183
14184
14185
14186
14189
14191
14192
14193
14194
14195
14198
14199
14200
14201
14202
14203
14204
14206
14207
14208
14209
14210
14211
14212
14213
14215
14216
14217
14219
14221
14222
14223
14224
14225
14226
14227
14228
14229
14231
14234
14235
14236
14237
14241
14242
14243
14244
14245
14246
14248
14250
14251
14252
14253
14255
14256
14258
14259
14260
14262
14264
14266
14267
14268
14269
14270
14272
14273
14274
14276
14277
14279
14280
14281
14282
14283
14284
14285
14287
14288
14289
14291
14292
14293
14294
14295
14297
14298
14299
14300
14301
14302
14303
14305
14306
14307
14308
14309
14310
14311
14312
14314
14315
14316
14317
14318
14319
14320
14321
14322
14324
14325
14328
14329
14332
14334
14335
14336
14337
14338
14339
14341
14342
14343
14344
14345
14346
14347
14348
14349
14350
14351
14352
14354
14355
14356
14357
14358
14359
14361
14362
14363
14364
14371
14373
14374
14375
14376
14378
14379
14380
14381
14382
14383
14384
14386
14388
14391
14392
14394
14395
14397
14398
14400
14401
14402
14403
14404
14405
14406
14407
14408
14409
14410
14411
14412
14413
14414
14415
14416
14417
14418
14419
14420
14421
14422
14423
14424
14425
14426
14427
14428
14430
14431
14432
14433
14434
14436
14437
14438
14439
14440
14441
14442
14443
14444
14446
14447
14448
14451
14453
14454
14458
14460
14461
14462
14463
14464
14465
14466
14467
14468
14469
14470
14471
14472
14475
14476
14477
14479
14480
14481
14482
14483
14484
14485
14486
14487
14489
14490
14492
14493
14496
14497
14498
14501
14502
14503
14504
14505
14506
14507
14509
14510
14511
14513
14514
14515
14517
14518
14519
14520
14521
14522
14524
14525
14527
14528
14529
14530
14531
14533
14534
14535
14536
14537
14538
14539
14542
14543
14544
14545
14546
14547
14549
14550
14551
14553
14555
14556
14558
14561
14563
14565
14566
14567
14568
14569
14570
14571
14572
14573
14574
14576
14577
14578
14580
14581
14582
14585
14586
14588
14590
14591
14592
14593
14595
14596
14597
14598
14599
14601
14603
14604
14605
14606
14607
14609
14610
14611
14612
14614
14615
14616
14617
14618
14619
14620
14621
14622
14623
14625
14626
14627
14628
14629
14630
14631
14632
14633
14635
14636
14638
14639
14641
14642
14643
14646
14647
14649
14650
14651
14652
14653
14655
14656
14657
14658
14659
14660
14661
14662
14663
14664
14665
14666
14667
14668
14669
14670
14671
14672
14673
14674
14675
14676
14677
14678
14679
14680
14682
14683
14684
14685
14687
14688
14690
14691
14692
14693
14694
14696
14697
14698
14699
14700
14701
14702
14704
14707
14708
14709
14710
14713
14714
14715
14716
14718
14719
14720
14721
14722
14723
14724
14727
14728
14729
14730
14732
14735
14736
14737
14741
14744
14745
14746
14747
14751
14752
14754
14755
14756
14757
14759
14760
14761
14762
14763
14764
14768
14769
14770
14771
14772
14774
14775
14776
14778
14779
14782
14784
14785
14787
14788
14789
14790
14791
14792
14793
14794
14795
14796
14797
14798
14800
14805
14806
14807
14808
14809
14810
14811
14813
14816
14817
14818
14819
14821
14822
14823
14824
14825
14826
14827
14828
14829
14830
14831
14832
14833
14834
14838
14840
14844
14846
14847
14848
14849
14852
14853
14855
14856
14857
14858
14859
14860
14861
14863
14864
14866
14867
14868
14869
14872
14873
14875
14876
14877
14878
14880
14881
14882
14884
14887
14888
14889
14890
14891
14892
14896
14900
14901
14904
14907
14908
14909
14910
14912
14916
14917
14918
14922
14923
14924
14925
14926
14927
14928
14929
14930
14931
14933
14935
14936
14937
14939
14941
14942
14943
14944
14945
14946
14947
14948
14949
14950
14951
14952
14954
14955
14956
14957
14958
14961
14962
14964
14965
14966
14967
14968
14969
14970
14971
14974
14977
14980
14981
14982
14984
14985
14987
14988
14989
14990
14991
14993
14997
14999
15000
15001
15002
15003
15004
15006
15007
15009
15010
15012
15013
15015
15016
15019
15020
15021
15023
15024
15025
15026
15027
15028
15029
15030
15032
15033
15034
15035
15036
15037
15038
15039
15040
15041
15042
15045
15046
15048
15049
15052
15055
15056
15058
15059
15061
15062
15064
15065
15067
15068
15070
15071
15072
15073
15075
15076
15077
15078
15080
15081
15083
15084
15085
15086
15087
15089
15090
15091
15093
15094
15096
15097
15099
15102
15103
15104
15105
15106
15107
15108
15110
15111
15112
15115
15116
15117
15118
15121
15122
15123
15124
15126
15127
15128
15129
15132
15134
15135
15136
15137
15138
15139
15140
15141
15143
15144
15145
15146
15148
15149
15150
15152
15153
15154
15155
15156
15158
15159
15160
15161
15162
15165
15166
15167
15168
15170
15171
15172
15173
15175
15177
15180
15181
15183
15186
15188
15189
15190
15191
15192
15193
15194
15195
15196
15199
15200
15201
15203
15204
15205
15206
15207
15208
15209
15210
15211
15212
15213
15214
15215
15216
15217
15218
15219
15220
15221
15222
15223
15224
15225
15227
15228
15229
15230
15231
15232
15233
15235
15236
15237
15239
15240
15241
15242
15245
15246
15247
15249
15251
15252
15253
15254
15255
15256
15257
15258
15259
15262
15263
15264
15265
15266
15267
15270
15271
15272
15275
15276
15278
15279
15280
15281
15283
15285
15286
15287
15288
15289
15290
15291
15292
15295
15298
15299
15301
15302
15305
15311
15312
15314
15315
15316
15317
15318
15319
15320
15321
15322
15323
15324
15325
15326
15327
15328
15329
15332
15333
15334
15336
15337
15338
15339
15340
15341
15343
15344
15345
15346
15347
15348
15350
15351
15352
15353
15355
15357
15358
15359
15360
15364
15365
15366
15368
15369
15370
15371
15372
15373
15374
15375
15376
15377
15379
15380
15381
15382
15384
15385
15386
15387
15388
15389
15390
15392
15395
15396
15397
15398
15399
15401
15402
15403
15404
15405
15408
15409
15411
15413
15414
15416
15418
15419
15420
15421
15423
15424
15425
15428
15429
15430
15431
15433
15434
15435
15436
15437
15438
15439
15440
15444
15445
15446
15447
15448
15449
15450
15451
15453
15455
15456
15458
15459
15462
15463
15468
15469
15470
15471
15472
15478
15480
15481
15482
15483
15484
15485
15486
15487
15488
15489
15491
15492
15493
15494
15495
15496
15497
15498
15499
15502
15506
15509
15510
15511
15512
15513
15514
15515
15516
15517
15519
15521
15522
15523
15525
15526
15528
15529
15530
15531
15532
15533
15534
15535
15536
15537
15538
15539
15540
15541
15543
15545
15546
15548
15549
15550
15553
15554
15555
15559
15560
15561
15563
15565
15566
15567
15568
15569
15570
15571
15572
15573
15574
15576
15578
15581
15582
15583
15584
15586
15588
15589
15591
15592
15594
15595
15598
15602
15604
15605
15606
15608
15609
15611
15612
15613
15614
15615
15616
15617
15618
15619
15620
15621
15622
15623
15624
15626
15628
15629
15632
15634
15635
15636
15638
15639
15640
15641
15643
15645
15646
15650
15651
15652
15653
15654
15655
15657
15658
15659
15660
15662
15663
15666
15668
15669
15670
15671
15674
15675
15676
15677
15679
15680
15683
15684
15685
15686
15688
15691
15693
15694
15696
15697
15698
15699
15700
15703
15704
15705
15706
15707
15708
15709
15710
15711
15713
15715
15716
15717
15718
15719
15721
15722
15723
15724
15725
15726
15727
15728
15729
15730
15731
15732
15733
15734
15735
15736
15737
15740
15741
15742
15743
15744
15745
15746
15747
15748
15749
15750
15751
15752
15753
15754
15755
15756
15757
15758
15759
15760
15763
15764
15765
15766
15767
15768
15769
15772
15773
15775
15777
15779
15780
15781
15785
15786
15787
15788
15789
15790
15792
15793
15797
15798
15799
15801
15802
15805
15806
15807
15808
15809
15811
15812
15813
15814
15815
15817
15818
15819
15820
15821
15823
15824
15825
15827
15829
15830
15831
15833
15835
15836
15837
15838
15839
15840
15841
15842
15843
15844
15845
15847
15848
15849
15850
15851
15852
15856
15857
15859
15861
15862
15863
15864
15865
15867
15868
15869
15870
15871
15872
15873
15874
15875
15876
15877
15879
15880
15881
15882
15883
15887
15888
15889
15891
15892
15894
15896
15897
15898
15899
15900
15901
15902
15903
15904
15907
15908
15909
15910
15912
15914
15915
15916
15917
15918
15919
15920
15921
15922
15923
15925
15926
15927
15929
15930
15932
15933
15935
15936
15937
15938
15939
15940
15941
15942
15943
15944
15947
15948
15949
15950
15951
15952
15953
15954
15955
15956
15957
15959
15960
15963
15964
15966
15967
15970
15971
15972
15973
15974
15975
15976
15977
15978
15979
15980
15981
15984
15985
15986
15987
15988
15989
15991
15994
15995
15996
15997
16000
16001
16002
16004
16005
16006
16007
16008
16009
16010
16011
16013
16014
16015
16017
16018
16019
16020
16022
16023
16024
16025
16026
16027
16028
16029
16030
16032
16033
16036
16037
16038
16039
16041
16043
16045
16047
16048
16049
16050
16052
16053
16054
16056
16057
16058
16059
16060
16061
16062
16063
16064
16065
16066
16067
16068
16069
16072
16073
16075
16077
16078
16079
16080
16081
16082
16083
16084
16086
16087
16090
16093
16094
16095
16096
16098
16100
16101
16102
16103
16104
16108
16109
16110
16111
16112
16113
16114
16119
16120
16121
16122
16123
16125
16126
16127
16128
16129
16131
16133
16134
16135
16136
16138
16140
16141
16142
16143
16145
16147
16148
16149
16150
16153
16154
16157
16158
16160
16163
16164
16165
16167
16168
16169
16172
16173
16174
16175
16176
16177
16179
16180
16181
16182
16183
16184
16185
16187
16188
16190
16192
16194
16195
16197
16198
16199
16200
16202
16203
16204
16205
16206
16207
16209
16210
16212
16213
16216
16218
16220
16221
16222
16223
16224
16226
16228
16229
16230
16231
16232
16234
16235
16237
16239
16240
16241
16243
16244
16245
16246
16247
16248
16250
16252
16254
16256
16257
16258
16259
16260
16264
16265
16267
16268
16269
16270
16272
16273
16275
16276
16277
16278
16279
16280
16281
16283
16285
16286
16287
16288
16289
16291
16292
16293
16295
16299
16300
16301
16303
16304
16305
16306
16307
16308
16310
16311
16313
16315
16316
16317
16318
16320
16321
16322
16323
16324
16325
16326
16327
16328
16329
16330
16331
16332
16335
16336
16337
16338
16339
16340
16341
16342
16343
16344
16345
16346
16347
16348
16349
16350
16353
16354
16355
16356
16358
16360
16361
16362
16363
16364
16366
16367
16368
16369
16370
16371
16372
16375
16376
16377
16378
16379
16380
16381
16382
16383
16384
16385
16387
16388
16390
16392
16393
16394
16395
16396
16397
16398
16399
16400
16402
16403
16404
16405
16406
16408
16409
16410
16411
16412
16413
16414
16415
16417
16418
16419
16420
16421
16423
16424
16426
16427
16430
16431
16432
16433
16434
16435
16436
16439
16440
16441
16442
16443
16444
16445
16446
16448
16449
16450
16451
16452
16455
16456
16457
16458
16459
16460
16461
16463
16464
16465
16466
16467
16468
16470
16471
16472
16473
16474
16476
16477
16479
16480
16481
16482
16483
16484
16485
16486
16488
16489
16490
16491
16495
16496
16498
16499
16501
16502
16503
16504
16505
16507
16508
16509
16512
16514
16515
16516
16518
16519
16520
16521
16522
16524
16525
16527
16530
16531
16533
16534
16535
16536
16538
16539
16541
16542
16543
16544
16545
16547
16548
16549
16550
16551
16552
16554
16556
16557
16558
16560
16561
16562
16564
16566
16567
16568
16569
16570
16571
16572
16573
16574
16575
16577
16578
16579
16580
16581
16583
16586
16588
16589
16590
16591
16593
16595
16596
16597
16598
16601
16602
16603
16605
16606
16607
16608
16610
16611
16612
16613
16614
16615
16616
16617
16618
16619
16621
16622
16623
16624
16626
16627
16628
16629
16630
16633
16635
16636
16637
16638
16639
16640
16641
16643
16644
16645
16646
16647
16648
16650
16651
16652
16653
16654
16656
16657
16658
16660
16661
16662
16663
16664
16665
16666
16669
16670
16671
16672
16674
16675
16677
16679
16680
16681
16682
16683
16685
16686
16687
16688
16689
16692
16693
16694
16695
16696
16697
16698
16699
16700
16701
16702
16704
16705
16706
16707
16708
16709
16710
16711
16712
16716
16717
16718
16719
16721
16723
16724
16725
16726
16728
16729
16730
16731
16732
16733
16734
16736
16737
16738
16739
16740
16741
16742
16743
16744
16745
16746
16747
16748
16750
16752
16754
16755
16756
16757
16758
16759
16760
16761
16762
16766
16767
16769
16770
16775
16776
16777
16779
16780
16782
16783
16784
16785
16787
16788
16789
16792
16793
16794
16795
16796
16797
16799
16800
16802
16803
16804
16805
16806
16807
16808
16811
16814
16815
16817
16818
16819
16820
16821
16822
16823
16824
16826
16827
16828
16832
16834
16835
16836
16837
16838
16839
16841
16842
16843
16844
16845
16846
16847
16848
16851
16853
16854
16855
16856
16858
16859
16860
16861
16862
16864
16865
16866
16867
16869
16870
16871
16873
16874
16875
16877
16878
16879
16880
16881
16882
16884
16886
16888
16890
16891
16892
16893
16897
16898
16899
16900
16901
16903
16904
16906
16907
16908
16912
16914
16915
16916
16917
16919
16920
16921
16922
16923
16924
16925
16926
16927
16928
16929
16930
16931
16932
16935
16936
16938
16939
16940
16942
16944
16946
16947
16948
16950
16951
16952
16954
16956
16957
16958
16959
16960
16961
16962
16963
16964
16965
16966
16967
16968
16970
16971
16972
16973
16974
16976
16978
16980
16982
16984
16985
16986
16987
16990
16991
16992
16993
16994
16995
16996
16997
16998
17000
17003
17004
17005
17006
17007
17009
17010
17011
17012
17013
17014
17015
17016
17017
17018
17019
17021
17022
17023
17024
17026
17027
17029
17030
17031
17032
17033
17034
17035
17037
17038
17039
17040
17042
17043
17046
17047
17048
17051
17053
17054
17055
17056
17057
17059
17060
17061
17062
17063
17065
17066
17067
17068
17069
17070
17071
17072
17073
17074
17075
17077
17078
17079
17080
17081
17082
17083
17084
17085
17086
17087
17088
17089
17090
17091
17093
17094
17095
17099
17100
17102
17104
17105
17106
17107
17108
17109
17110
17111
17112
17114
17117
17118
17119
17120
17121
17123
17128
17129
17130
17131
17133
17134
17135
17137
17139
17140
17142
17143
17144
17145
17147
17149
17150
17151
17153
17154
17155
17157
17158
17159
17160
17161
17162
17163
17165
17168
17169
17170
17172
17174
17175
17177
17180
17183
17184
17185
17186
17187
17189
17192
17193
17195
17197
17202
17203
17204
17205
17206
17209
17210
17211
17212
17213
17214
17215
17216
17217
17218
17220
17221
17222
17223
17224
17225
17226
17229
17231
17232
17233
17234
17235
17237
17239
17242
17243
17244
17245
17246
17247
17248
17249
17250
17253
17255
17256
17257
17258
17259
17260
17262
17263
17264
17266
17267
17268
17269
17270
17271
17272
17273
17274
17275
17276
17279
17280
17282
17283
17284
17286
17288
17290
17291
17293
17295
17298
17300
17301
17302
17304
17305
17306
17307
17308
17309
17310
17311
17312
17314
17315
17317
17319
17321
17322
17323
17324
17325
17326
17327
17328
17329
17330
17331
17332
17333
17334
17335
17337
17339
17342
17343
17347
17348
17349
17350
17353
17354
17355
17356
17357
17358
17359
17360
17361
17363
17364
17365
17367
17368
17370
17371
17373
17375
17376
17377
17379
17380
17381
17382
17384
17385
17387
17388
17390
17391
17393
17394
17395
17396
17397
17398
17399
17400
17401
17402
17403
17404
17405
17406
17407
17408
17409
17410
17411
17412
17414
17415
17417
17418
17420
17421
17424
17425
17426
17428
17429
17431
17432
17433
17436
17437
17438
17439
17440
17442
17443
17446
17448
17449
17450
17451
17454
17455
17456
17457
17459
17461
17462
17463
17464
17465
17467
17468
17469
17470
17472
17473
17474
17475
17476
17477
17478
17480
17481
17482
17483
17484
17485
17486
17488
17489
17491
17492
17493
17494
17496
17499
17501
17502
17503
17504
17505
17506
17507
17508
17509
17510
17511
17512
17513
17514
17515
17516
17517
17520
17521
17522
17523
17525
17526
17527
17528
17529
17530
17532
17533
17534
17535
17536
17537
17538
17539
17541
17542
17543
17544
17545
17546
17547
17548
17550
17551
17553
17555
17556
17557
17558
17559
17560
17561
17562
17563
17565
17566
17567
17568
17569
17571
17572
17573
17576
17577
17578
17579
17581
17582
17583
17584
17588
17589
17591
17592
17595
17596
17597
17598
17599
17600
17601
17602
17603
17605
17606
17608
17610
17611
17612
17613
17615
17616
17617
17618
17619
17620
17621
17622
17623
17624
17626
17627
17628
17629
17630
17631
17632
17633
17634
17635
17636
17637
17638
17639
17640
17641
17642
17643
17644
17645
17646
17647
17648
17650
17651
17652
17653
17654
17655
17656
17657
17658
17659
17660
17661
17662
17663
17666
17668
17669
17671
17672
17673
17674
17675
17677
17678
17680
17682
17684
17685
17686
17688
17690
17691
17693
17694
17697
17698
17699
17700
17701
17702
17703
17704
17705
17707
17709
17710
17711
17712
17713
17714
17715
17716
17717
17718
17719
17720
17721
17722
17723
17724
17725
17727
17728
17729
17730
17731
17733
17734
17735
17736
17737
17740
17741
17742
17744
17745
17748
17749
17750
17751
17753
17754
17758
17760
17761
17762
17763
17764
17765
17766
17767
17768
17769
17770
17771
17772
17775
17776
17777
17778
17779
17780
17781
17782
17784
17785
17787
17788
17789
17790
17792
17794
17795
17796
17797
17798
17799
17800
17801
17803
17804
17807
17808
17809
17810
17812
17813
17814
17815
17816
17817
17818
17820
17821
17823
17826
17827
17830
17831
17832
17833
17834
17835
17836
17837
17838
17839
17841
17842
17843
17844
17845
17846
17847
17848
17849
17851
17853
17854
17855
17857
17858
17860
17861
17862
17866
17867
17869
17870
17871
17873
17875
17876
17877
17878
17879
17880
17881
17883
17884
17885
17888
17889
17891
17892
17893
17895
17896
17897
17898
17901
17902
17903
17905
17906
17907
17908
17909
17910
17911
17913
17914
17915
17916
17917
17918
17919
17920
17921
17922
17923
17925
17926
17927
17928
17932
17933
17934
17936
17937
17938
17940
17941
17942
17943
17944
17945
17946
17947
17948
17949
17950
17952
17953
17954
17956
17958
17963
17964
17966
17967
17968
17969
17970
17971
17972
17974
17979
17980
17981
17983
17985
17986
17987
17988
17990
17991
17992
17993
17994
17995
17996
17997
17998
18000
18001
18002
18003
18004
18005
18006
18007
18009
18011
18012
18013
18015
18016
18017
18018
18019
18022
18023
18024
18025
18026
18027
18028
18029
18030
18031
18034
18035
18036
18037
18039
18040
18043
18044
18045
18047
18048
18049
18050
18051
18054
18055
18056
18057
18059
18061
18062
18063
18064
18069
18071
18072
18073
18074
18075
18076
18077
18078
18080
18081
18082
18083
18084
18085
18087
18088
18089
18091
18092
18093
18095
18096
18097
18098
18099
18100
18101
18103
18104
18105
18106
18107
18110
18111
18112
18113
18114
18116
18117
18118
18120
18121
18122
18123
18124
18125
18127
18128
18129
18130
18131
18133
18134
18135
18136
18137
18138
18141
18142
18143
18145
18146
18147
18149
18150
18151
18152
18155
18157
18159
18160
18161
18162
18163
18164
18165
18166
18167
18168
18169
18170
18172
18173
18174
18175
18176
18178
18179
18180
18181
18182
18184
18185
18187
18189
18192
18193
18196
18197
18198
18201
18202
18204
18205
18206
18207
18209
18210
18211
18212
18213
18214
18215
18216
18217
18219
18220
18221
18222
18224
18225
18227
18228
18229
18230
18231
18232
18233
18238
18239
18240
18242
18243
18244
18245
18246
18248
18249
18250
18251
18253
18255
18256
18257
18258
18259
18260
18261
18263
18265
18266
18267
18270
18271
18272
18273
18274
18275
18276
18277
18278
18280
18281
18283
18284
18285
18286
18287
18288
18289
18290
18291
18292
18294
18295
18296
18297
18298
18299
18300
18301
18302
18303
18304
18306
18307
18308
18309
18313
18314
18316
18318
18319
18321
18322
18323
18324
18325
18326
18327
18328
18330
18332
18334
18335
18336
18337
18338
18339
18340
18342
18344
18346
18347
18349
18350
18351
18352
18353
18355
18356
18357
18358
18361
18364
18365
18366
18368
18369
18370
18371
18372
18373
18374
18375
18376
18377
18378
18380
18381
18382
18383
18384
18385
18386
18387
18388
18389
18390
18391
18394
18395
18396
18397
18400
18401
18402
18403
18404
18405
18406
18407
18408
18409
18410
18413
18414
18415
18416
18418
18419
18420
18421
18422
18424
18425
18426
18428
18429
18430
18431
18432
18434
18436
18437
18438
18440
18442
18443
18444
18448
18449
18451
18452
18453
18454
18455
18456
18457
18459
18460
18461
18462
18463
18464
18465
18467
18468
18469
18472
18473
18474
18475
18476
18477
18478
18479
18481
18483
18484
18485
18486
18487
18489
18490
18491
18492
18493
18495
18496
18497
18499
18501
18503
18504
18506
18507
18508
18509
18512
18513
18514
18515
18516
18517
18518
18519
18520
18521
18522
18524
18525
18526
18527
18528
18529
18530
18531
18532
18533
18534
18535
18537
18538
18539
18540
18541
18543
18544
18545
18546
18547
18548
18549
18550
18552
18554
18555
18556
18557
18558
18559
18560
18561
18562
18563
18566
18567
18568
18569
18573
18574
18577
18579
18580
18582
18583
18584
18585
18587
18590
18591
18592
18593
18595
18596
18597
18598
18600
18601
18602
18603
18604
18605
18606
18607
18609
18610
18612
18613
18614
18616
18617
18618
18620
18622
18623
18626
18627
18629
18630
18631
18632
18633
18634
18636
18637
18638
18639
18640
18641
18642
18643
18644
18646
18647
18649
18650
18651
18652
18653
18654
18655
18656
18657
18658
18659
18661
18663
18664
18665
18666
18667
18668
18669
18672
18674
18675
18676
18677
18678
18679
18680
18682
18683
18684
18686
18687
18688
18690
18691
18692
18693
18697
18698
18699
18700
18701
18702
18703
18704
18705
18707
18708
18709
18710
18711
18712
18713
18714
18715
18716
18718
18719
18720
18721
18722
18723
18724
18726
18727
18728
18729
18730
18731
18732
18733
18734
18735
18736
18737
18738
18739
18740
18741
18745
18746
18747
18749
18750
18751
18754
18757
18758
18760
18761
18762
18763
18766
18767
18768
18770
18771
18774
18775
18776
18777
18778
18779
18780
18783
18785
18786
18787
18788
18789
18790
18791
18793
18794
18795
18796
18797
18799
18800
18801
18802
18804
18805
18806
18807
18808
18809
18810
18812
18813
18814
18817
18818
18820
18821
18822
18823
18824
18825
18826
18827
18828
18829
18830
18831
18832
18833
18835
18836
18837
18839
18841
18842
18843
18845
18848
18850
18851
18852
18853
18854
18857
18858
18859
18860
18861
18863
18864
18865
18866
18867
18868
18869
18870
18871
18872
18874
18876
18877
18878
18879
18882
18883
18884
18885
18886
18887
18888
18890
18891
18893
18895
18898
18899
18901
18904
18905
18907
18908
18909
18910
18911
18912
18913
18914
18915
18916
18917
18919
18920
18921
18922
18924
18925
18926
18927
18928
18932
18935
18936
18937
18938
18939
18943
18945
18949
18952
18955
18956
18959
18960
18962
18963
18964
18965
18967
18968
18969
18971
18973
18974
18975
18976
18977
18978
18979
18980
18986
18987
18988
18989
18990
18991
18992
18993
18994
18995
18996
18997
18998
18999
19000
19003
19004
19006
19008
19010
19011
19013
19016
19017
19018
19019
19020
19021
19023
19025
19026
19027
19029
19030
19031
19033
19035
19036
19037
19038
19039
19040
19041
19042
19043
19044
19045
19047
19048
19049
19050
19051
19053
19054
19056
19057
19059
19060
19062
19065
19066
19067
19069
19070
19071
19072
19075
19076
19079
19081
19082
19084
19085
19086
19088
19089
19090
19092
19093
19094
19097
19099
19100
19102
19103
19104
19106
19107
19108
19109
19110
19112
19114
19115
19117
19118
19119
19121
19124
19126
19127
19128
19131
19133
19134
19136
19137
19138
19140
19143
19144
19145
19146
19149
19150
19152
19153
19154
19155
19158
19159
19160
19161
19162
19163
19164
19165
19167
19169
19170
19171
19172
19173
19174
19177
19179
19180
19181
19183
19184
19186
19187
19188
19189
19190
19191
19192
19194
19195
19196
19197
19198
19199
19201
19202
19203
19204
19206
19207
19208
19209
19210
19212
19213
19214
19215
19217
19218
19219
19220
19221
19223
19224
19225
19226
19228
19229
19230
19232
19234
19235
19236
19237
19239
19240
19244
19245
19246
19249
19250
19251
19252
19253
19254
19255
19256
19257
19258
19260
19262
19264
19266
19267
19268
19269
19270
19271
19272
19273
19274
19275
19276
19277
19279
19280
19281
19282
19284
19285
19286
19287
19288
19289
19290
19292
19293
19294
19295
19296
19298
19299
19300
19301
19302
19304
19305
19306
19307
19308
19309
19311
19312
19313
19314
19317
19318
19320
19321
19322
19323
19324
19325
19326
19327
19328
19330
19331
19332
19333
19334
19335
19336
19337
19338
19339
19340
19341
19346
19347
19348
19349
19350
19352
19353
19355
19356
19359
19362
19363
19364
19365
19366
19367
19368
19369
19370
19371
19372
19373
19374
19375
19376
19377
19378
19379
19380
19381
19382
19383
19385
19386
19387
19391
19392
19394
19395
19396
19398
19399
19400
19402
19403
19406
19408
19409
19410
19411
19412
19413
19414
19415
19417
19418
19419
19420
19421
19422
19423
19424
19425
19426
19427
19428
19429
19430
19432
19433
19434
19437
19438
19440
19441
19444
19445
19446
19448
19449
19451
19453
19454
19455
19456
19457
19458
19459
19460
19461
19462
19464
19465
19466
19467
19468
19469
19473
19474
19475
19476
19477
19478
19479
19480
19483
19485
19487
19488
19489
19490
19491
19492
19493
19494
19496
19497
19498
19500
19501
19502
19503
19505
19506
19508
19509
19511
19515
19516
19517
19518
19519
19521
19523
19525
19526
19528
19529
19530
19531
19533
19534
19535
19536
19537
19539
19540
19541
19542
19544
19546
19547
19550
19551
19553
19555
19559
19560
19561
19562
19563
19564
19565
19566
19568
19569
19570
19571
19572
19573
19574
19575
19576
19577
19578
19579
19580
19582
19584
19585
19586
19587
19588
19589
19590
19592
19593
19594
19596
19597
19598
19600
19602
19604
19606
19607
19608
19609
19610
19611
19614
19615
19616
19618
19619
19621
19626
19627
19628
19629
19630
19631
19632
19633
19634
19635
19636
19637
19638
19641
19642
19643
19644
19645
19647
19648
19650
19651
19652
19653
19654
19655
19656
19658
19659
19660
19661
19663
19664
19665
19667
19669
19670
19671
19672
19673
19675
19676
19678
19679
19680
19681
19682
19683
19684
19685
19686
19688
19689
19690
19691
19692
19693
19694
19696
19697
19698
19699
19700
19701
19702
19704
19705
19706
19707
19708
19709
19710
19711
19712
19713
19714
19715
19717
19718
19720
19721
19724
19726
19728
19729
19730
19731
19732
19735
19736
19737
19738
19739
19740
19741
19742
19745
19746
19748
19750
19751
19752
19753
19755
19756
19757
19758
19759
19762
19763
19766
19767
19768
19769
19770
19771
19772
19774
19775
19776
19777
19778
19779
19781
19782
19784
19785
19786
19787
19788
19789
19790
19791
19792
19793
19794
19796
19797
19798
19799
19801
19803
19804
19807
19809
19810
19811
19812
19813
19814
19815
19816
19818
19821
19822
19824
19825
19827
19829
19831
19832
19833
19836
19837
19838
19841
19842
19843
19844
19845
19846
19848
19851
19852
19853
19854
19855
19856
19857
19858
19859
19860
19861
19862
19863
19865
19866
19868
19870
19871
19872
19874
19875
19877
19878
19881
19882
19883
19884
19885
19886
19887
19888
19889
19890
19892
19893
19895
19896
19898
19899
19900
19901
19903
19904
19905
19906
19907
19908
19909
19910
19911
19913
19915
19916
19917
19918
19919
19920
19921
19922
19923
19925
19927
19928
19929
19930
19931
19932
19933
19934
19936
19937
19938
19940
19942
19944
19945
19946
19947
19948
19949
19950
19951
19952
19955
19956
19957
19959
19961
19962
19963
19964
19965
19967
19968
19969
19970
19971
19972
19973
19974
19976
19977
19979
19980
19981
19983
19984
19985
19986
19987
19988
19990
19991
19993
19995
19996
19997
19998
19999
20000
